#Reading Graph
#vertices: 1080972 edges: 15245729
#Verifying if bipartite
#Run karp sipser to get initial matching
#karp sipser matching took: 1.83435s, size = 476726
#Run greedy to get initial matching
#greedy matching took: 1.75083s, size = 486490
#Maximum Matching Size: 490599 edges
#Karp Sipser Initial Matching: 97.1722% optimal
#Greedy Initial Matching: 99.1625% optimal
#Run ppf3 with KS
# 10,7.77189,7.73268,7.5582,7.56439,7.84122,7.44806,7.57052,7.46545,7.72947,7.78615,7.60897,7.91693,7.49256,7.78637,7.76296,7.63226,7.76224,7.73762,7.7735,7.58589,7.62524,7.59903,7.49965,7.73534,7.75103,7.72793,7.72771,7.87749,7.59255,7.69411,7.81502
# 20,3.22721,3.46727,3.35694,3.468,3.31706,3.22483,3.378,3.31158,3.29383,3.52061,3.30538,3.30193,3.38686,3.21227,3.20315,3.4419,3.53556,3.38585,3.31413,3.30776,3.37585,3.30053,3.296,3.36423,3.36369,3.27739,3.50277,3.44679,3.35917,3.27369,3.27998
# 30,2.1093,2.09056,1.98868,1.98789,2.02992,2.13951,2.00722,2.093,2.13911,2.03878,2.04109,2.102,2.03476,2.03274,2.09265,2.15602,2.0322,2.08918,2.08342,2.19901,2.05106,2.09416,2.0881,2.03219,1.98152,2.15877,1.98016,2.09233,2.14173,2.03476,2.10596
# 40,1.41584,1.48519,1.47606,1.47776,1.51918,1.53308,1.4398,1.47657,1.518,1.51411,1.52172,1.48358,1.54627,1.517,1.43528,1.474,1.5192,1.39143,1.47774,1.49148,1.5195,1.55846,1.56263,1.4757,1.51971,1.62607,1.51442,1.513,1.50482,1.59028,1.55524
# 50,1.13696,1.10783,1.11388,1.08,1.14645,1.10992,1.11929,1.17972,1.11499,1.11141,1.13809,1.11416,1.06017,1.12351,1.14472,1.11227,1.08744,1.1544,1.116,1.16995,1.1101,1.11593,1.18316,1.08556,1.1488,1.08588,1.07901,1.13944,1.10282,1.11629,1.12013
# 60,0.926566,0.937178,0.881097,0.855498,0.906248,0.914227,0.910224,0.905741,0.884048,0.932998,0.881683,0.913327,0.910855,0.932418,0.890423,0.936356,0.991874,0.886867,0.926971,0.90843,0.879616,0.910338,0.930249,0.85565,0.880245,0.901718,0.881299,0.858992,0.907614,0.868007,0.88932
# 70,0.755951,0.794999,0.752043,0.771975,0.772303,0.771836,0.748376,0.770024,0.791447,0.774442,0.820727,0.786588,0.770845,0.746461,0.774944,0.723914,0.770044,0.791577,0.794705,0.774685,0.751713,0.777228,0.794779,0.805825,0.744891,0.822678,0.748412,0.746488,0.815419,0.771739,0.837283
# 80,0.680656,0.688558,0.682689,0.686179,0.666878,0.690169,0.68452,0.68427,0.707037,0.664795,0.688816,0.707961,0.684054,0.664621,0.690372,0.686679,0.708691,0.68362,0.667367,0.709849,0.730058,0.688945,0.643362,0.666447,0.670992,0.663888,0.664013,0.731214,0.662657,0.664102,0.689275
# 90,0.621864,0.583077,0.564106,0.661824,0.659135,0.583277,0.585843,0.603501,0.621957,0.619744,0.624491,0.605746,0.625949,0.601745,0.563385,0.62562,0.62204,0.585727,0.604357,0.625433,0.58424,0.605331,0.639592,0.603496,0.582963,0.563527,0.563969,0.601742,0.604375,0.568043,0.641071
# 100,0.559895,0.546962,0.54564,0.525024,0.530374,0.547098,0.532282,0.570289,0.598548,0.562923,0.563387,0.563634,0.533465,0.563975,0.565609,0.546462,0.547452,0.547482,0.529588,0.565503,0.546097,0.564166,0.600507,0.530092,0.548201,0.561342,0.547585,0.547063,0.567139,0.566769,0.528368
# 110,0.509991,0.512419,0.481066,0.51797,0.466515,0.499892,0.479894,0.4828,0.481613,0.49738,0.497608,0.52867,0.484234,0.488802,0.512065,0.51642,0.498974,0.480878,0.495379,0.464686,0.480018,0.462158,0.513755,0.49762,0.497216,0.462618,0.4782,0.497757,0.464739,0.51629,0.465789
# 120,0.477171,0.449872,0.459856,0.449294,0.452381,0.435274,0.451502,0.435611,0.450032,0.482185,0.436361,0.424168,0.466014,0.421488,0.434377,0.45048,0.437769,0.451611,0.454706,0.464775,0.450196,0.466948,0.422885,0.421519,0.456247,0.449695,0.479238,0.421654,0.433709,0.423,0.423639
# 130,0.437336,0.439633,0.42743,0.443348,0.424824,0.426314,0.411987,0.412523,0.412543,0.397679,0.410595,0.410388,0.409949,0.424285,0.424792,0.409339,0.446592,0.453602,0.454217,0.41208,0.438432,0.439509,0.413506,0.426224,0.426272,0.397516,0.424629,0.399015,0.443022,0.441871,0.426656
# 140,0.401447,0.400068,0.40075,0.400512,0.428435,0.401085,0.400757,0.41412,0.387238,0.387291,0.388557,0.387643,0.386281,0.400891,0.38885,0.390184,0.373823,0.412892,0.399863,0.400921,0.387947,0.41551,0.414342,0.440474,0.390355,0.389265,0.41514,0.39023,0.403902,0.41283,0.389708
# 150,0.400416,0.386574,0.424164,0.387676,0.362023,0.399883,0.361669,0.347169,0.372815,0.385154,0.376902,0.373875,0.38598,0.361086,0.38866,0.360368,0.375646,0.402535,0.38681,0.362544,0.350291,0.398254,0.361017,0.375405,0.375535,0.375797,0.361043,0.358926,0.391655,0.375137,0.387369
# 160,0.359737,0.345164,0.382409,0.347546,0.372289,0.358514,0.367537,0.347495,0.35748,0.334189,0.370824,0.345868,0.358468,0.321821,0.356885,0.382986,0.344966,0.37153,0.382368,0.346513,0.346441,0.354133,0.357951,0.358487,0.382724,0.370125,0.370845,0.332356,0.368561,0.369608,0.346225
# 170,0.363791,0.326098,0.347339,0.347685,0.345315,0.34706,0.33562,0.324106,0.348677,0.357247,0.324427,0.348091,0.359096,0.337304,0.335677,0.335748,0.348702,0.33548,0.34807,0.34823,0.347342,0.38488,0.322752,0.347678,0.337802,0.324325,0.359089,0.335222,0.345724,0.334622,0.334442
# 180,0.333249,0.33044,0.339157,0.319885,0.320284,0.319356,0.320301,0.341349,0.308698,0.331531,0.318235,0.328558,0.329066,0.318168,0.331174,0.328292,0.308684,0.340636,0.330629,0.318755,0.348126,0.319744,0.320213,0.318321,0.297571,0.328743,0.317717,0.308739,0.328984,0.30772,0.328712
# 190,0.332572,0.318738,0.312021,0.309443,0.342668,0.330641,0.310127,0.319604,0.340981,0.320049,0.310119,0.319965,0.329986,0.309939,0.31053,0.311139,0.320542,0.330218,0.320651,0.346422,0.351262,0.309627,0.330208,0.332089,0.319959,0.320777,0.330142,0.321629,0.30902,0.319825,0.310407
# 200,0.326901,0.311062,0.311821,0.313066,0.282665,0.311846,0.291589,0.311148,0.312646,0.321226,0.291904,0.280753,0.312192,0.309448,0.302411,0.32272,0.323469,0.300925,0.311826,0.356012,0.341137,0.302558,0.312805,0.311585,0.321156,0.310551,0.300833,0.29905,0.312619,0.292879,0.301091
# 210,0.32646,0.2995,0.290151,0.300109,0.308558,0.289265,0.309986,0.288501,0.281461,0.300646,0.29984,0.287741,0.281343,0.289657,0.290478,0.290071,0.309283,0.279917,0.279885,0.298465,0.326389,0.30008,0.290991,0.279808,0.291355,0.280861,0.278301,0.278922,0.270367,0.280189,0.279532
# 220,0.288567,0.29317,0.28244,0.281292,0.310408,0.281872,0.283525,0.273401,0.274273,0.273164,0.272314,0.270711,0.292136,0.273496,0.281901,0.281439,0.293297,0.282462,0.2926,0.298212,0.292851,0.274505,0.265311,0.323259,0.291278,0.29252,0.282701,0.279232,0.303164,0.282461,0.273775
# 230,0.301771,0.257872,0.29331,0.29361,0.274997,0.283904,0.286763,0.251045,0.276673,0.26816,0.258193,0.292958,0.282398,0.276479,0.293968,0.268039,0.275359,0.276673,0.285437,0.283668,0.274779,0.257211,0.286785,0.294128,0.276137,0.258268,0.266902,0.28909,0.300617,0.302952,0.275998
# 240,0.286371,0.253485,0.252722,0.272748,0.269792,0.242195,0.26196,0.270277,0.298284,0.261727,0.270346,0.270901,0.251373,0.258152,0.261355,0.270021,0.281137,0.280097,0.253637,0.278386,0.243781,0.244088,0.251862,0.253211,0.262573,0.271078,0.261448,0.269532,0.253223,0.271813,0.267849
# 250,0.328662,0.312428,0.293602,0.303489,0.294838,0.275041,0.294578,0.281332,0.30602,0.315551,0.303437,0.305627,0.296846,0.286255,0.303246,0.295228,0.315077,0.292214,0.306681,0.292629,0.300415,0.304664,0.32389,0.301522,0.304183,0.304503,0.280389,0.31469,0.304303,0.286417,0.29218
TimeStamp,GraphName,NumVertices,NumEdges,Algorithm
2016-12-12_103828,coPaperDBLP,1080972,15245729,ppf3_KS
Duration,NumThreads,Algorithm
10,20,30,40,50,60,70,80,90,100,110,120,130,140,150,160,170,180,190,200,210,220,230,240,250
7.771894,3.227207,2.109296,1.415844,1.136963,0.926566,0.755951,0.680656,0.621864,0.559895,0.509991,0.477171,0.437336,0.401447,0.400416,0.359737,0.363791,0.333249,0.332572,0.326901,0.326460,0.288567,0.301771,0.286371,0.328662
7.732677,3.467273,2.090561,1.485192,1.107826,0.937178,0.794999,0.688558,0.583077,0.546962,0.512419,0.449872,0.439633,0.400068,0.386574,0.345164,0.326098,0.330440,0.318738,0.311062,0.299500,0.293170,0.257872,0.253485,0.312428
7.558198,3.356938,1.988678,1.476060,1.113880,0.881097,0.752043,0.682689,0.564106,0.545640,0.481066,0.459856,0.427430,0.400750,0.424164,0.382409,0.347339,0.339157,0.312021,0.311821,0.290151,0.282440,0.293310,0.252722,0.293602
7.564387,3.468004,1.987888,1.477761,1.080004,0.855498,0.771975,0.686179,0.661824,0.525024,0.517970,0.449294,0.443348,0.400512,0.387676,0.347546,0.347685,0.319885,0.309443,0.313066,0.300109,0.281292,0.293610,0.272748,0.303489
7.841221,3.317057,2.029917,1.519183,1.146447,0.906248,0.772303,0.666878,0.659135,0.530374,0.466515,0.452381,0.424824,0.428435,0.362023,0.372289,0.345315,0.320284,0.342668,0.282665,0.308558,0.310408,0.274997,0.269792,0.294838
7.448056,3.224830,2.139512,1.533081,1.109919,0.914227,0.771836,0.690169,0.583277,0.547098,0.499892,0.435274,0.426314,0.401085,0.399883,0.358514,0.347060,0.319356,0.330641,0.311846,0.289265,0.281872,0.283904,0.242195,0.275041
7.570524,3.377998,2.007222,1.439803,1.119287,0.910224,0.748376,0.684520,0.585843,0.532282,0.479894,0.451502,0.411987,0.400757,0.361669,0.367537,0.335620,0.320301,0.310127,0.291589,0.309986,0.283525,0.286763,0.261960,0.294578
7.465446,3.311575,2.092998,1.476566,1.179724,0.905741,0.770024,0.684270,0.603501,0.570289,0.482800,0.435611,0.412523,0.414120,0.347169,0.347495,0.324106,0.341349,0.319604,0.311148,0.288501,0.273401,0.251045,0.270277,0.281332
7.729467,3.293825,2.139108,1.518003,1.114991,0.884048,0.791447,0.707037,0.621957,0.598548,0.481613,0.450032,0.412543,0.387238,0.372815,0.357480,0.348677,0.308698,0.340981,0.312646,0.281461,0.274273,0.276673,0.298284,0.306020
7.786145,3.520610,2.038780,1.514113,1.111408,0.932998,0.774442,0.664795,0.619744,0.562923,0.497380,0.482185,0.397679,0.387291,0.385154,0.334189,0.357247,0.331531,0.320049,0.321226,0.300646,0.273164,0.268160,0.261727,0.315551
7.608969,3.305376,2.041088,1.521724,1.138093,0.881683,0.820727,0.688816,0.624491,0.563387,0.497608,0.436361,0.410595,0.388557,0.376902,0.370824,0.324427,0.318235,0.310119,0.291904,0.299840,0.272314,0.258193,0.270346,0.303437
7.916929,3.301929,2.101999,1.483581,1.114164,0.913327,0.786588,0.707961,0.605746,0.563634,0.528670,0.424168,0.410388,0.387643,0.373875,0.345868,0.348091,0.328558,0.319965,0.280753,0.287741,0.270711,0.292958,0.270901,0.305627
7.492555,3.386861,2.034760,1.546273,1.060166,0.910855,0.770845,0.684054,0.625949,0.533465,0.484234,0.466014,0.409949,0.386281,0.385980,0.358468,0.359096,0.329066,0.329986,0.312192,0.281343,0.292136,0.282398,0.251373,0.296846
7.786365,3.212272,2.032744,1.516999,1.123513,0.932418,0.746461,0.664621,0.601745,0.563975,0.488802,0.421488,0.424285,0.400891,0.361086,0.321821,0.337304,0.318168,0.309939,0.309448,0.289657,0.273496,0.276479,0.258152,0.286255
7.762956,3.203154,2.092655,1.435281,1.144721,0.890423,0.774944,0.690372,0.563385,0.565609,0.512065,0.434377,0.424792,0.388850,0.388660,0.356885,0.335677,0.331174,0.310530,0.302411,0.290478,0.281901,0.293968,0.261355,0.303246
7.632263,3.441897,2.156023,1.473998,1.112273,0.936356,0.723914,0.686679,0.625620,0.546462,0.516420,0.450480,0.409339,0.390184,0.360368,0.382986,0.335748,0.328292,0.311139,0.322720,0.290071,0.281439,0.268039,0.270021,0.295228
7.762237,3.535564,2.032204,1.519201,1.087440,0.991874,0.770044,0.708691,0.622040,0.547452,0.498974,0.437769,0.446592,0.373823,0.375646,0.344966,0.348702,0.308684,0.320542,0.323469,0.309283,0.293297,0.275359,0.281137,0.315077
7.737617,3.385848,2.089181,1.391431,1.154402,0.886867,0.791577,0.683620,0.585727,0.547482,0.480878,0.451611,0.453602,0.412892,0.402535,0.371530,0.335480,0.340636,0.330218,0.300925,0.279917,0.282462,0.276673,0.280097,0.292214
7.773495,3.314128,2.083423,1.477743,1.115998,0.926971,0.794705,0.667367,0.604357,0.529588,0.495379,0.454706,0.454217,0.399863,0.386810,0.382368,0.348070,0.330629,0.320651,0.311826,0.279885,0.292600,0.285437,0.253637,0.306681
7.585895,3.307755,2.199009,1.491484,1.169947,0.908430,0.774685,0.709849,0.625433,0.565503,0.464686,0.464775,0.412080,0.400921,0.362544,0.346513,0.348230,0.318755,0.346422,0.356012,0.298465,0.298212,0.283668,0.278386,0.292629
7.625236,3.375851,2.051063,1.519501,1.110097,0.879616,0.751713,0.730058,0.584240,0.546097,0.480018,0.450196,0.438432,0.387947,0.350291,0.346441,0.347342,0.348126,0.351262,0.341137,0.326389,0.292851,0.274779,0.243781,0.300415
7.599033,3.300535,2.094159,1.558464,1.115931,0.910338,0.777228,0.688945,0.605331,0.564166,0.462158,0.466948,0.439509,0.415510,0.398254,0.354133,0.384880,0.319744,0.309627,0.302558,0.300080,0.274505,0.257211,0.244088,0.304664
7.499652,3.295995,2.088104,1.562632,1.183161,0.930249,0.794779,0.643362,0.639592,0.600507,0.513755,0.422885,0.413506,0.414342,0.361017,0.357951,0.322752,0.320213,0.330208,0.312805,0.290991,0.265311,0.286785,0.251862,0.323890
7.735343,3.364228,2.032186,1.475700,1.085563,0.855650,0.805825,0.666447,0.603496,0.530092,0.497620,0.421519,0.426224,0.440474,0.375405,0.358487,0.347678,0.318321,0.332089,0.311585,0.279808,0.323259,0.294128,0.253211,0.301522
7.751026,3.363687,1.981518,1.519715,1.148799,0.880245,0.744891,0.670992,0.582963,0.548201,0.497216,0.456247,0.426272,0.390355,0.375535,0.382724,0.337802,0.297571,0.319959,0.321156,0.291355,0.291278,0.276137,0.262573,0.304183
7.727932,3.277394,2.158775,1.626074,1.085877,0.901718,0.822678,0.663888,0.563527,0.561342,0.462618,0.449695,0.397516,0.389265,0.375797,0.370125,0.324325,0.328743,0.320777,0.310551,0.280861,0.292520,0.258268,0.271078,0.304503
7.727712,3.502767,1.980162,1.514418,1.079014,0.881299,0.748412,0.664013,0.563969,0.547585,0.478200,0.479238,0.424629,0.415140,0.361043,0.370845,0.359089,0.317717,0.330142,0.300833,0.278301,0.282701,0.266902,0.261448,0.280389
7.877492,3.446795,2.092326,1.512998,1.139437,0.858992,0.746488,0.731214,0.601742,0.547063,0.497757,0.421654,0.399015,0.390230,0.358926,0.332356,0.335222,0.308739,0.321629,0.299050,0.278922,0.279232,0.289090,0.269532,0.314690
7.592551,3.359173,2.141726,1.504822,1.102821,0.907614,0.815419,0.662657,0.604375,0.567139,0.464739,0.433709,0.443022,0.403902,0.391655,0.368561,0.345724,0.328984,0.309020,0.312619,0.270367,0.303164,0.300617,0.253223,0.304303
7.694110,3.273691,2.034755,1.590282,1.116286,0.868007,0.771739,0.664102,0.568043,0.566769,0.516290,0.423000,0.441871,0.412830,0.375137,0.369608,0.334622,0.307720,0.319825,0.292879,0.280189,0.282461,0.302952,0.271813,0.286417
7.815021,3.279984,2.105956,1.555243,1.120131,0.889320,0.837283,0.689275,0.641071,0.528368,0.465789,0.423639,0.426656,0.389708,0.387369,0.346225,0.334442,0.328712,0.310407,0.301091,0.279532,0.273775,0.275998,0.267849,0.292180
#Run ppf3 with Greedy
# 10,1.36902,1.34391,1.38903,1.25527,1.33976,1.49752,1.48393,1.31579,1.23141,1.48594,1.39866,1.40181,1.50716,1.52672,1.51906,1.48542,1.3861,1.51217,1.42261,1.41223,1.36652,1.38042,1.52243,1.62515,1.38426,1.3698,1.42423,1.41506,1.50993,1.5281,1.37254
# 20,0.64469,0.646772,0.577571,0.719427,0.7193,0.647604,0.646874,0.650284,0.648072,0.755108,0.645993,0.718938,0.644594,0.715497,0.647265,0.646725,0.717883,0.645544,0.722001,0.716378,0.646035,0.645153,0.71773,0.644829,0.652438,0.646939,0.648305,0.648033,0.645302,0.717051,0.717969
# 30,0.458957,0.408152,0.457073,0.41097,0.456265,0.455166,0.408473,0.406913,0.457846,0.409761,0.409391,0.459382,0.463282,0.45651,0.409019,0.45595,0.455549,0.410004,0.45633,0.454604,0.453631,0.407034,0.447337,0.446767,0.400176,0.447598,0.399869,0.445886,0.447786,0.445858,0.446008
# 40,0.355857,0.354561,0.35671,0.356167,0.340031,0.320258,0.318697,0.354416,0.354544,0.355336,0.353848,0.318621,0.318765,0.318953,0.353116,0.354669,0.31837,0.318968,0.318872,0.318674,0.318314,0.318905,0.318398,0.318087,0.318529,0.35382,0.320564,0.319716,0.355484,0.282684,0.35542
# 50,0.29597,0.265512,0.265647,0.274574,0.265546,0.266368,0.267404,0.264391,0.266006,0.264207,0.266649,0.26617,0.265129,0.265455,0.264702,0.265305,0.264655,0.266664,0.264476,0.265985,0.293877,0.265216,0.264513,0.293968,0.265033,0.294369,0.264649,0.264642,0.264724,0.294874,0.293944
# 60,0.207777,0.207181,0.230472,0.231082,0.207534,0.230397,0.206407,0.231114,0.23021,0.229312,0.233551,0.230879,0.206411,0.230343,0.230724,0.25458,0.230988,0.230281,0.230156,0.230127,0.230647,0.230457,0.230711,0.205937,0.229956,0.205743,0.231173,0.230368,0.230102,0.207059,0.230873
# 70,0.213831,0.215449,0.193161,0.193763,0.193519,0.193063,0.193014,0.215133,0.213782,0.214191,0.214507,0.21454,0.214215,0.193932,0.214966,0.23621,0.214783,0.21396,0.214598,0.214898,0.1933,0.192759,0.2139,0.193641,0.193512,0.193602,0.215008,0.215191,0.215525,0.193279,0.214728
# 80,0.178644,0.178275,0.197314,0.178464,0.178135,0.196959,0.178235,0.178437,0.197935,0.177994,0.177818,0.197437,0.177582,0.198249,0.178085,0.197102,0.197646,0.197017,0.197759,0.19661,0.177988,0.178662,0.178506,0.177032,0.196425,0.178146,0.177951,0.178428,0.196804,0.177876,0.178174
# 90,0.167872,0.16671,0.167046,0.184304,0.166852,0.184238,0.18421,0.166915,0.184339,0.166907,0.167683,0.184195,0.166718,0.167064,0.167194,0.167735,0.16698,0.166649,0.184394,0.167235,0.184279,0.167178,0.166988,0.167199,0.184903,0.16697,0.167319,0.167739,0.184618,0.167,0.16715
# 100,0.175915,0.158193,0.158738,0.175445,0.159249,0.159347,0.159258,0.158809,0.159062,0.159462,0.159037,0.143674,0.158412,0.158971,0.158844,0.159166,0.159683,0.159538,0.159031,0.159127,0.159231,0.159759,0.159425,0.158674,0.159258,0.159414,0.158366,0.159264,0.159786,0.158496,0.159286
# 110,0.151125,0.15015,0.150005,0.165449,0.150718,0.149846,0.149927,0.15,0.15004,0.15029,0.1495,0.150175,0.150023,0.149767,0.150319,0.149697,0.150532,0.15014,0.150399,0.149805,0.164954,0.16447,0.16497,0.150314,0.149703,0.149989,0.165211,0.150499,0.150898,0.150301,0.150091
# 120,0.145281,0.144045,0.144473,0.144221,0.144319,0.143673,0.144477,0.143489,0.143233,0.144546,0.144914,0.13133,0.144632,0.144416,0.144723,0.143734,0.144562,0.144255,0.144908,0.143995,0.14453,0.144686,0.143681,0.144284,0.144445,0.143966,0.143853,0.144674,0.144865,0.157224,0.145042
# 130,0.141916,0.144855,0.145004,0.145036,0.144936,0.1457,0.143034,0.14359,0.144945,0.144479,0.145269,0.144949,0.145101,0.145023,0.144843,0.144678,0.14498,0.157462,0.145675,0.144525,0.144998,0.143783,0.130921,0.144552,0.144898,0.132003,0.145112,0.144573,0.144993,0.145646,0.145074
# 140,0.140929,0.14044,0.139717,0.14038,0.127773,0.140147,0.126843,0.139768,0.127709,0.140321,0.140119,0.140271,0.128037,0.140734,0.140606,0.140178,0.127906,0.139703,0.140267,0.140202,0.140205,0.139555,0.139129,0.127894,0.139901,0.140636,0.140064,0.140618,0.140181,0.140223,0.140552
# 150,0.137382,0.136537,0.124428,0.125165,0.135986,0.136959,0.134468,0.135091,0.136434,0.135921,0.136793,0.136302,0.13572,0.136527,0.136044,0.136402,0.136111,0.136525,0.136291,0.136657,0.136743,0.136011,0.123224,0.135209,0.124673,0.136223,0.136512,0.136166,0.136237,0.136156,0.136134
# 160,0.132431,0.131426,0.13157,0.131635,0.131401,0.13153,0.120895,0.119574,0.130382,0.131818,0.13167,0.131422,0.131657,0.132038,0.131517,0.120694,0.132364,0.120673,0.131631,0.131557,0.131851,0.120451,0.120797,0.1207,0.119239,0.130675,0.120528,0.131806,0.132062,0.120932,0.121184
# 170,0.119251,0.129452,0.118978,0.128972,0.129114,0.129398,0.129162,0.129865,0.129294,0.119657,0.117277,0.127874,0.128724,0.128974,0.118994,0.129825,0.128762,0.11909,0.129802,0.118825,0.118466,0.118516,0.118314,0.129382,0.118905,0.12897,0.129372,0.127885,0.127781,0.129261,0.118751
# 180,0.126551,0.116253,0.125115,0.12568,0.115625,0.115814,0.125645,0.12596,0.125917,0.126086,0.12603,0.115773,0.125628,0.115774,0.114797,0.115414,0.125862,0.125025,0.125474,0.125463,0.125855,0.125648,0.125992,0.125608,0.125967,0.125652,0.125883,0.125927,0.115857,0.125772,0.125539
# 190,0.123197,0.117287,0.12942,0.119434,0.129233,0.128833,0.119863,0.129028,0.129517,0.12894,0.12921,0.128852,0.119584,0.119514,0.128828,0.129009,0.138345,0.12684,0.126899,0.129771,0.128996,0.119507,0.1289,0.119661,0.128915,0.129587,0.128579,0.12924,0.119224,0.119706,0.119164
# 200,0.119229,0.126763,0.117989,0.116048,0.115658,0.118027,0.117611,0.117999,0.117696,0.118154,0.117712,0.127535,0.127446,0.117812,0.118152,0.118006,0.117792,0.126624,0.117863,0.117915,0.127183,0.115229,0.115256,0.126947,0.118279,0.117942,0.127807,0.117679,0.118199,0.117873,0.118098
# 210,0.125902,0.124517,0.11615,0.124242,0.115564,0.115841,0.115463,0.124786,0.121945,0.122044,0.116504,0.115671,0.115733,0.115676,0.124083,0.11568,0.115775,0.115793,0.115801,0.116023,0.124395,0.124503,0.115863,0.124579,0.12431,0.124397,0.121692,0.113098,0.124459,0.115309,0.124316
# 220,0.115267,0.122466,0.122856,0.122765,0.122892,0.114278,0.114341,0.122496,0.12268,0.114436,0.122552,0.114319,0.114246,0.120046,0.120918,0.114347,0.122887,0.122897,0.114593,0.122483,0.122404,0.123046,0.122961,0.122794,0.131033,0.123157,0.122766,0.114036,0.122946,0.114469,0.122036
# 230,0.120951,0.12205,0.113201,0.113578,0.113771,0.122011,0.11351,0.11378,0.1215,0.113684,0.113749,0.121906,0.121988,0.122458,0.121812,0.122067,0.122266,0.112859,0.111362,0.112862,0.122453,0.1216,0.113741,0.113757,0.122425,0.122049,0.113516,0.121713,0.11407,0.121855,0.113711
# 240,0.121151,0.119864,0.111891,0.11184,0.112085,0.109081,0.117462,0.112143,0.112041,0.111826,0.119862,0.112299,0.120073,0.120379,0.1197,0.112244,0.111884,0.111791,0.120127,0.111994,0.111931,0.111791,0.119983,0.110253,0.109398,0.119444,0.111677,0.111934,0.119917,0.112296,0.112102
# 250,0.138255,0.133343,0.117335,0.12719,0.126938,0.117271,0.118957,0.128433,0.118522,0.128073,0.116192,0.128006,0.118199,0.118611,0.129394,0.128358,0.118033,0.117676,0.117336,0.125874,0.12865,0.116163,0.119448,0.119187,0.118134,0.115935,0.129418,0.119011,0.120455,0.119184,0.129762
TimeStamp,GraphName,NumVertices,NumEdges,Algorithm
2016-12-12_105114,coPaperDBLP,1080972,15245729,ppf3_Greedy
Duration,NumThreads,Algorithm
10,20,30,40,50,60,70,80,90,100,110,120,130,140,150,160,170,180,190,200,210,220,230,240,250
1.369016,0.644690,0.458957,0.355857,0.295970,0.207777,0.213831,0.178644,0.167872,0.175915,0.151125,0.145281,0.141916,0.140929,0.137382,0.132431,0.119251,0.126551,0.123197,0.119229,0.125902,0.115267,0.120951,0.121151,0.138255
1.343906,0.646772,0.408152,0.354561,0.265512,0.207181,0.215449,0.178275,0.166710,0.158193,0.150150,0.144045,0.144855,0.140440,0.136537,0.131426,0.129452,0.116253,0.117287,0.126763,0.124517,0.122466,0.122050,0.119864,0.133343
1.389034,0.577571,0.457073,0.356710,0.265647,0.230472,0.193161,0.197314,0.167046,0.158738,0.150005,0.144473,0.145004,0.139717,0.124428,0.131570,0.118978,0.125115,0.129420,0.117989,0.116150,0.122856,0.113201,0.111891,0.117335
1.255274,0.719427,0.410970,0.356167,0.274574,0.231082,0.193763,0.178464,0.184304,0.175445,0.165449,0.144221,0.145036,0.140380,0.125165,0.131635,0.128972,0.125680,0.119434,0.116048,0.124242,0.122765,0.113578,0.111840,0.127190
1.339764,0.719300,0.456265,0.340031,0.265546,0.207534,0.193519,0.178135,0.166852,0.159249,0.150718,0.144319,0.144936,0.127773,0.135986,0.131401,0.129114,0.115625,0.129233,0.115658,0.115564,0.122892,0.113771,0.112085,0.126938
1.497517,0.647604,0.455166,0.320258,0.266368,0.230397,0.193063,0.196959,0.184238,0.159347,0.149846,0.143673,0.145700,0.140147,0.136959,0.131530,0.129398,0.115814,0.128833,0.118027,0.115841,0.114278,0.122011,0.109081,0.117271
1.483927,0.646874,0.408473,0.318697,0.267404,0.206407,0.193014,0.178235,0.184210,0.159258,0.149927,0.144477,0.143034,0.126843,0.134468,0.120895,0.129162,0.125645,0.119863,0.117611,0.115463,0.114341,0.113510,0.117462,0.118957
1.315787,0.650284,0.406913,0.354416,0.264391,0.231114,0.215133,0.178437,0.166915,0.158809,0.150000,0.143489,0.143590,0.139768,0.135091,0.119574,0.129865,0.125960,0.129028,0.117999,0.124786,0.122496,0.113780,0.112143,0.128433
1.231410,0.648072,0.457846,0.354544,0.266006,0.230210,0.213782,0.197935,0.184339,0.159062,0.150040,0.143233,0.144945,0.127709,0.136434,0.130382,0.129294,0.125917,0.129517,0.117696,0.121945,0.122680,0.121500,0.112041,0.118522
1.485944,0.755108,0.409761,0.355336,0.264207,0.229312,0.214191,0.177994,0.166907,0.159462,0.150290,0.144546,0.144479,0.140321,0.135921,0.131818,0.119657,0.126086,0.128940,0.118154,0.122044,0.114436,0.113684,0.111826,0.128073
1.398658,0.645993,0.409391,0.353848,0.266649,0.233551,0.214507,0.177818,0.167683,0.159037,0.149500,0.144914,0.145269,0.140119,0.136793,0.131670,0.117277,0.126030,0.129210,0.117712,0.116504,0.122552,0.113749,0.119862,0.116192
1.401813,0.718938,0.459382,0.318621,0.266170,0.230879,0.214540,0.197437,0.184195,0.143674,0.150175,0.131330,0.144949,0.140271,0.136302,0.131422,0.127874,0.115773,0.128852,0.127535,0.115671,0.114319,0.121906,0.112299,0.128006
1.507156,0.644594,0.463282,0.318765,0.265129,0.206411,0.214215,0.177582,0.166718,0.158412,0.150023,0.144632,0.145101,0.128037,0.135720,0.131657,0.128724,0.125628,0.119584,0.127446,0.115733,0.114246,0.121988,0.120073,0.118199
1.526719,0.715497,0.456510,0.318953,0.265455,0.230343,0.193932,0.198249,0.167064,0.158971,0.149767,0.144416,0.145023,0.140734,0.136527,0.132038,0.128974,0.115774,0.119514,0.117812,0.115676,0.120046,0.122458,0.120379,0.118611
1.519062,0.647265,0.409019,0.353116,0.264702,0.230724,0.214966,0.178085,0.167194,0.158844,0.150319,0.144723,0.144843,0.140606,0.136044,0.131517,0.118994,0.114797,0.128828,0.118152,0.124083,0.120918,0.121812,0.119700,0.129394
1.485425,0.646725,0.455950,0.354669,0.265305,0.254580,0.236210,0.197102,0.167735,0.159166,0.149697,0.143734,0.144678,0.140178,0.136402,0.120694,0.129825,0.115414,0.129009,0.118006,0.115680,0.114347,0.122067,0.112244,0.128358
1.386098,0.717883,0.455549,0.318370,0.264655,0.230988,0.214783,0.197646,0.166980,0.159683,0.150532,0.144562,0.144980,0.127906,0.136111,0.132364,0.128762,0.125862,0.138345,0.117792,0.115775,0.122887,0.122266,0.111884,0.118033
1.512173,0.645544,0.410004,0.318968,0.266664,0.230281,0.213960,0.197017,0.166649,0.159538,0.150140,0.144255,0.157462,0.139703,0.136525,0.120673,0.119090,0.125025,0.126840,0.126624,0.115793,0.122897,0.112859,0.111791,0.117676
1.422606,0.722001,0.456330,0.318872,0.264476,0.230156,0.214598,0.197759,0.184394,0.159031,0.150399,0.144908,0.145675,0.140267,0.136291,0.131631,0.129802,0.125474,0.126899,0.117863,0.115801,0.114593,0.111362,0.120127,0.117336
1.412227,0.716378,0.454604,0.318674,0.265985,0.230127,0.214898,0.196610,0.167235,0.159127,0.149805,0.143995,0.144525,0.140202,0.136657,0.131557,0.118825,0.125463,0.129771,0.117915,0.116023,0.122483,0.112862,0.111994,0.125874
1.366522,0.646035,0.453631,0.318314,0.293877,0.230647,0.193300,0.177988,0.184279,0.159231,0.164954,0.144530,0.144998,0.140205,0.136743,0.131851,0.118466,0.125855,0.128996,0.127183,0.124395,0.122404,0.122453,0.111931,0.128650
1.380421,0.645153,0.407034,0.318905,0.265216,0.230457,0.192759,0.178662,0.167178,0.159759,0.164470,0.144686,0.143783,0.139555,0.136011,0.120451,0.118516,0.125648,0.119507,0.115229,0.124503,0.123046,0.121600,0.111791,0.116163
1.522434,0.717730,0.447337,0.318398,0.264513,0.230711,0.213900,0.178506,0.166988,0.159425,0.164970,0.143681,0.130921,0.139129,0.123224,0.120797,0.118314,0.125992,0.128900,0.115256,0.115863,0.122961,0.113741,0.119983,0.119448
1.625147,0.644829,0.446767,0.318087,0.293968,0.205937,0.193641,0.177032,0.167199,0.158674,0.150314,0.144284,0.144552,0.127894,0.135209,0.120700,0.129382,0.125608,0.119661,0.126947,0.124579,0.122794,0.113757,0.110253,0.119187
1.384260,0.652438,0.400176,0.318529,0.265033,0.229956,0.193512,0.196425,0.184903,0.159258,0.149703,0.144445,0.144898,0.139901,0.124673,0.119239,0.118905,0.125967,0.128915,0.118279,0.124310,0.131033,0.122425,0.109398,0.118134
1.369804,0.646939,0.447598,0.353820,0.294369,0.205743,0.193602,0.178146,0.166970,0.159414,0.149989,0.143966,0.132003,0.140636,0.136223,0.130675,0.128970,0.125652,0.129587,0.117942,0.124397,0.123157,0.122049,0.119444,0.115935
1.424227,0.648305,0.399869,0.320564,0.264649,0.231173,0.215008,0.177951,0.167319,0.158366,0.165211,0.143853,0.145112,0.140064,0.136512,0.120528,0.129372,0.125883,0.128579,0.127807,0.121692,0.122766,0.113516,0.111677,0.129418
1.415060,0.648033,0.445886,0.319716,0.264642,0.230368,0.215191,0.178428,0.167739,0.159264,0.150499,0.144674,0.144573,0.140618,0.136166,0.131806,0.127885,0.125927,0.129240,0.117679,0.113098,0.114036,0.121713,0.111934,0.119011
1.509933,0.645302,0.447786,0.355484,0.264724,0.230102,0.215525,0.196804,0.184618,0.159786,0.150898,0.144865,0.144993,0.140181,0.136237,0.132062,0.127781,0.115857,0.119224,0.118199,0.124459,0.122946,0.114070,0.119917,0.120455
1.528101,0.717051,0.445858,0.282684,0.294874,0.207059,0.193279,0.177876,0.167000,0.158496,0.150301,0.157224,0.145646,0.140223,0.136156,0.120932,0.129261,0.125772,0.119706,0.117873,0.115309,0.114469,0.121855,0.112296,0.119184
1.372540,0.717969,0.446008,0.355420,0.293944,0.230873,0.214728,0.178174,0.167150,0.159286,0.150091,0.145042,0.145074,0.140552,0.136134,0.121184,0.118751,0.125539,0.119164,0.118098,0.124316,0.122036,0.113711,0.112102,0.129762

