#Reading Graph
#vertices: 1080972 edges: 15245729
#Verifying if bipartite
#Run karp sipser to get initial matching
#karp sipser matching took: 0.233723s, size = 476726
#Run greedy to get initial matching
#greedy matching took: 0.273713s, size = 486490
#Maximum Matching Size: 1 edges
#Karp Sipser Initial Matching: 4.76726e+07% optimal
#Greedy Initial Matching: 4.8649e+07% optimal
#Run ppf1 with KS
# 1,16.4834,16.3816,16.2545,16.2451,16.2011,16.2583,16.3531,16.3474,16.3512,16.3488,16.4203,16.3285,16.4407,16.3474,16.3542,16.357,16.3648,16.3712,16.4343,16.433,16.3942,16.39,16.4081,16.3797,16.3896,16.392,16.39,16.392,16.391,16.374,16.3973
# 2,7.38689,7.06312,7.37183,7.38032,7.5101,7.14215,7.35681,6.92553,7.00674,7.49632,7.39786,7.19378,7.30191,6.63588,6.7192,6.81653,6.82708,7.10952,6.91542,7.03254,7.00756,6.99219,6.73627,7.11081,7.2737,6.95398,6.92319,7.20947,7.00079,7.26237,6.84384
# 3,5.4515,5.70174,5.54266,5.44194,5.29236,5.21015,5.612,5.55644,5.50641,5.50671,5.33624,5.57364,5.52425,5.70751,5.66136,5.62832,5.49753,5.56387,5.59673,5.81982,5.70499,5.40629,5.26878,5.3564,5.27732,5.7975,5.73978,5.45521,5.63491,5.94933,5.55658
# 4,4.2682,4.20687,4.13188,4.0785,4.25279,4.14905,4.35391,4.2552,4.30524,4.47631,4.26357,4.33288,4.32493,4.3324,4.26061,4.26974,4.3293,4.3246,4.38371,4.45247,4.08373,4.27892,4.30305,4.19525,4.22087,4.18983,4.38894,4.27496,4.33022,4.14272,4.271
TimeStamp,GraphName,NumVertices,NumEdges,Algorithm
2016-12-13_114904,coPaperDBLP,1080972,15245729,ppf1_KS
1,2,3,4
16.483433,7.386890,5.451501,4.268201
16.381597,7.063121,5.701737,4.206868
16.254456,7.371829,5.542658,4.131878
16.245063,7.380324,5.441941,4.078501
16.201056,7.510100,5.292361,4.252791
16.258345,7.142155,5.210150,4.149048
16.353139,7.356807,5.612002,4.353908
16.347366,6.925535,5.556444,4.255202
16.351195,7.006738,5.506407,4.305239
16.348758,7.496317,5.506706,4.476309
16.420324,7.397858,5.336241,4.263572
16.328491,7.193782,5.573641,4.332883
16.440737,7.301908,5.524248,4.324927
16.347441,6.635882,5.707507,4.332399
16.354156,6.719200,5.661361,4.260605
16.356955,6.816527,5.628316,4.269738
16.364801,6.827077,5.497531,4.329303
16.371180,7.109519,5.563866,4.324603
16.434283,6.915417,5.596730,4.383713
16.432983,7.032537,5.819823,4.452472
16.394197,7.007558,5.704990,4.083728
16.389956,6.992195,5.406286,4.278924
16.408090,6.736275,5.268784,4.303050
16.379680,7.110806,5.356397,4.195250
16.389566,7.273698,5.277320,4.220870
16.392008,6.953979,5.797500,4.189835
16.390036,6.923190,5.739781,4.388936
16.392023,7.209465,5.455215,4.274955
16.391027,7.000785,5.634909,4.330224
16.373990,7.262369,5.949327,4.142716
16.397316,6.843843,5.556576,4.271000
#Run ppf1 with Greedy
# 1,2.82673,2.84385,2.83341,2.83315,2.82861,2.83661,2.83094,2.82977,2.83185,2.83145,2.83988,2.82725,2.82573,2.83603,2.82994,2.8299,2.82828,2.82634,2.82624,2.83026,2.828,2.82718,2.83269,2.83332,2.83296,2.83508,2.83154,2.8284,2.82914,2.82914,2.82787
# 2,1.3188,1.22416,1.4059,1.23541,1.59467,1.59276,1.4977,1.23394,1.22221,1.13299,1.31532,1.22292,1.32096,1.40862,1.3145,1.32193,1.31554,1.22134,1.40973,1.22669,1.22172,1.32419,1.49974,1.40754,1.59931,1.31556,1.2257,1.66748,1.35273,1.22582,1.31793
# 3,1.07807,1.07427,1.0748,1.07454,1.07489,1.074,0.999421,1.1569,1.14616,1.15415,0.990595,0.991295,1.0749,1.07246,0.992199,0.992427,1.15784,1.15929,1.15397,1.05729,1.15076,1.152,1.15474,1.15442,1.15617,1.15302,1.06852,1.07493,1.07685,1.15318,1.07377
# 4,0.945637,0.871986,0.806512,0.946933,0.797191,0.873844,0.874818,1.01478,0.943588,0.802876,0.801592,0.872255,0.797181,0.941424,0.800772,0.872621,0.870974,0.806797,0.875851,0.943652,0.943596,0.797421,0.870354,0.873994,0.871707,0.86896,0.941311,0.944614,0.876069,0.869265,0.8753
TimeStamp,GraphName,NumVertices,NumEdges,Algorithm
2016-12-13_120616,coPaperDBLP,1080972,15245729,ppf1_Greedy
1,2,3,4
2.826727,1.318804,1.078068,0.945637
2.843851,1.224161,1.074272,0.871986
2.833413,1.405903,1.074796,0.806512
2.833149,1.235414,1.074545,0.946933
2.828606,1.594668,1.074891,0.797191
2.836607,1.592760,1.074004,0.873844
2.830945,1.497703,0.999421,0.874818
2.829766,1.233942,1.156898,1.014777
2.831846,1.222212,1.146155,0.943588
2.831452,1.132985,1.154147,0.802876
2.839878,1.315324,0.990595,0.801592
2.827253,1.222924,0.991295,0.872255
2.825734,1.320963,1.074899,0.797181
2.836028,1.408622,1.072456,0.941424
2.829940,1.314505,0.992199,0.800772
2.829895,1.321935,0.992427,0.872621
2.828279,1.315539,1.157844,0.870974
2.826339,1.221338,1.159285,0.806797
2.826242,1.409727,1.153972,0.875851
2.830261,1.226687,1.057295,0.943652
2.828001,1.221718,1.150764,0.943596
2.827182,1.324191,1.151996,0.797421
2.832693,1.499739,1.154736,0.870354
2.833323,1.407544,1.154421,0.873994
2.832959,1.599310,1.156173,0.871707
2.835079,1.315558,1.153022,0.868960
2.831542,1.225703,1.068517,0.941311
2.828396,1.667480,1.074935,0.944614
2.829141,1.352732,1.076852,0.876069
2.829144,1.225825,1.153179,0.869265
2.827866,1.317929,1.073768,0.875300
#Run ppf2 with KS
# 1,15.7658,15.8158,15.7322,15.7519,15.7794,15.767,15.747,15.7353,15.7293,15.7484,15.6674,15.6434,15.637,15.5873,15.5557,15.5065,15.4673,15.4491,15.3984,15.3512,15.3344,15.3063,15.2582,15.2074,15.1731,15.1389,15.0903,15.0477,15.0135,15,15.1062
# 2,6.20113,6.55003,6.69623,6.62711,6.43646,6.34272,6.24428,6.55399,6.54477,6.15615,6.33331,6.25549,6.26394,6.45137,6.42965,6.18026,6.33597,6.6032,6.23253,5.97844,6.14004,6.47642,6.05973,6.19826,6.0231,6.52747,6.41754,5.99497,6.32357,6.72481,6.12493
# 3,5.06716,5.08525,5.56682,4.93422,4.97762,5.11609,5.29025,5.20254,5.38187,5.09395,5.11299,5.15812,4.87585,5.22598,4.9729,5.11409,5.43668,4.95692,4.6665,4.99253,5.10768,5.08631,4.91225,5.29922,5.15605,5.46252,4.74735,5.12737,4.97215,4.78706,4.93046
# 4,4.24657,4.12628,4.1272,3.9213,3.85838,4.12313,3.92435,4.03454,3.94434,4.18297,3.99961,3.93788,3.92137,3.91002,3.8452,3.97255,4.16393,3.80286,4.11348,3.98437,3.97978,3.89949,4.09809,4.21093,3.91217,3.95251,3.91288,3.90076,3.91815,3.85164,3.84624
TimeStamp,GraphName,NumVertices,NumEdges,Algorithm
2016-12-13_120926,coPaperDBLP,1080972,15245729,ppf2_KS
1,2,3,4
15.765778,6.201129,5.067162,4.246567
15.815836,6.550026,5.085248,4.126278
15.732244,6.696230,5.566824,4.127199
15.751940,6.627111,4.934221,3.921296
15.779441,6.436461,4.977618,3.858381
15.766955,6.342719,5.116085,4.123131
15.747012,6.244283,5.290249,3.924355
15.735270,6.553994,5.202540,4.034536
15.729290,6.544768,5.381873,3.944341
15.748384,6.156151,5.093949,4.182967
15.667369,6.333315,5.112988,3.999610
15.643354,6.255493,5.158119,3.937880
15.637022,6.263944,4.875850,3.921374
15.587267,6.451370,5.225980,3.910023
15.555658,6.429646,4.972905,3.845201
15.506503,6.180260,5.114085,3.972554
15.467327,6.335973,5.436684,4.163935
15.449144,6.603201,4.956918,3.802861
15.398448,6.232526,4.666498,4.113485
15.351173,5.978445,4.992534,3.984370
15.334433,6.140041,5.107676,3.979783
15.306259,6.476418,5.086310,3.899487
15.258159,6.059727,4.912250,4.098089
15.207378,6.198262,5.299219,4.210930
15.173074,6.023104,5.156049,3.912172
15.138881,6.527469,5.462518,3.952512
15.090269,6.417544,4.747345,3.912881
15.047732,5.994966,5.127371,3.900760
15.013485,6.323570,4.972152,3.918151
14.999973,6.724808,4.787063,3.851635
15.106179,6.124929,4.930461,3.846240
#Run ppf2 with Greedy
# 1,2.49594,2.49224,2.4895,2.49735,2.4872,2.49331,2.48914,2.48552,2.47767,2.47898,2.48172,2.48006,2.47435,2.48089,2.47357,2.47641,2.47208,2.47318,2.47289,2.475,2.468,2.46849,2.48314,2.47441,2.47107,2.46619,2.46932,2.49343,2.47188,2.46534,2.46587
# 2,1.58601,1.70414,1.29824,1.17447,1.17156,1.17419,1.25488,1.17116,1.33623,1.25489,1.25529,1.17392,1.18022,1.10174,1.16896,1.17348,1.25597,1.09133,1.17728,1.09166,1.17258,1.17297,1.25593,1.01101,1.178,1.09198,1.09607,1.18282,1.09479,1.17241,1.08716
# 3,1.08511,1.01103,0.93651,1.00932,1.01152,1.01144,1.0126,1.00995,1.0109,1.01047,1.01166,1.08496,1.16647,1.08696,1.08774,1.08155,1.00438,1.00489,1.08584,1.01045,1.23779,1.00912,1.00583,1.1618,1.00874,1.08239,1.015,1.09451,1.08633,1.07857,1.08232
# 4,0.818523,0.817932,0.82635,0.8188,0.818008,0.894273,0.826127,0.881756,0.886994,0.856916,0.820027,0.815828,0.753765,0.953121,0.885372,0.885663,0.813641,0.819523,0.75171,0.744791,0.885005,1.01818,0.819121,0.81956,0.750359,0.81773,0.879235,0.894703,0.755479,0.820827,0.748851
TimeStamp,GraphName,NumVertices,NumEdges,Algorithm
2016-12-13_122524,coPaperDBLP,1080972,15245729,ppf2_Greedy
1,2,3,4
2.495943,1.586006,1.085106,0.818523
2.492239,1.704138,1.011025,0.817932
2.489497,1.298237,0.936510,0.826350
2.497354,1.174468,1.009321,0.818800
2.487200,1.171558,1.011519,0.818008
2.493310,1.174190,1.011437,0.894273
2.489145,1.254879,1.012601,0.826127
2.485517,1.171161,1.009945,0.881756
2.477672,1.336228,1.010900,0.886994
2.478980,1.254890,1.010473,0.856916
2.481718,1.255289,1.011655,0.820027
2.480061,1.173921,1.084963,0.815828
2.474347,1.180218,1.166474,0.753765
2.480895,1.101742,1.086965,0.953121
2.473567,1.168958,1.087744,0.885372
2.476411,1.173476,1.081549,0.885663
2.472080,1.255972,1.004381,0.813641
2.473180,1.091334,1.004886,0.819523
2.472891,1.177282,1.085844,0.751710
2.474996,1.091661,1.010448,0.744791
2.467996,1.172577,1.237791,0.885005
2.468488,1.172969,1.009119,1.018176
2.483137,1.255935,1.005833,0.819121
2.474413,1.011006,1.161796,0.819560
2.471065,1.178001,1.008744,0.750359
2.466193,1.091977,1.082386,0.817730
2.469322,1.096067,1.014999,0.879235
2.493435,1.182824,1.094505,0.894703
2.471880,1.094793,1.086328,0.755479
2.465345,1.172408,1.078572,0.820827
2.465868,1.087163,1.082323,0.748851
#Run ppf3 with KS
# 1,9.15512,9.14647,9.17939,9.14433,9.15319,9.12817,9.17586,9.10925,9.10486,9.10302,9.10075,9.13232,9.09657,9.15614,9.15839,9.12711,9.12939,9.12372,9.10736,9.10734,9.09925,9.10783,9.11006,9.13298,9.18087,9.14158,9.15917,9.15006,9.23466,9.20162,9.1272
# 2,4.08592,4.22588,4.15285,4.18076,4.22034,4.22491,4.15403,4.3566,4.30857,4.12538,4.33207,4.24342,4.40347,4.16235,4.22286,4.25451,4.22816,4.28148,4.34521,4.22157,4.23379,4.28518,4.21966,4.1175,4.12735,4.12171,4.50026,4.29291,4.22542,4.12955,4.1763
# 3,3.24778,3.37794,3.21903,3.06134,3.18584,3.24597,3.23142,3.23217,3.1828,3.31805,3.28745,3.28839,3.21919,3.47419,3.35275,3.34374,3.08428,3.40818,3.30459,3.37885,3.20066,3.18747,3.24608,3.28732,3.21988,3.30164,3.08144,3.37117,3.22329,3.35271,3.28375
# 4,2.69874,2.54483,2.53257,2.5104,2.62929,2.63566,2.56615,2.59037,2.68647,2.64461,2.54208,2.56618,2.57453,2.65403,2.72418,2.55774,2.56191,2.4648,2.63187,2.58117,2.594,2.6694,2.50897,2.55538,2.6244,2.66583,2.57661,2.6481,2.57044,2.66709,2.59239
TimeStamp,GraphName,NumVertices,NumEdges,Algorithm
2016-12-13_122817,coPaperDBLP,1080972,15245729,ppf3_KS
1,2,3,4
9.155124,4.085925,3.247779,2.698737
9.146472,4.225881,3.377937,2.544830
9.179386,4.152849,3.219031,2.532570
9.144332,4.180763,3.061338,2.510397
9.153191,4.220337,3.185840,2.629286
9.128173,4.224908,3.245971,2.635656
9.175861,4.154031,3.231421,2.566147
9.109247,4.356605,3.232166,2.590368
9.104864,4.308567,3.182798,2.686467
9.103020,4.125383,3.318047,2.644606
9.100749,4.332073,3.287454,2.542078
9.132324,4.243416,3.288392,2.566181
9.096573,4.403473,3.219186,2.574529
9.156136,4.162349,3.474193,2.654033
9.158389,4.222860,3.352747,2.724183
9.127107,4.254512,3.343741,2.557742
9.129393,4.228164,3.084281,2.561912
9.123724,4.281484,3.408182,2.464801
9.107362,4.345212,3.304587,2.631869
9.107343,4.221574,3.378846,2.581175
9.099247,4.233791,3.200661,2.594001
9.107829,4.285183,3.187474,2.669402
9.110057,4.219658,3.246077,2.508974
9.132984,4.117500,3.287320,2.555383
9.180866,4.127353,3.219881,2.624395
9.141584,4.121712,3.301643,2.665827
9.159171,4.500262,3.081443,2.576608
9.150057,4.292913,3.371173,2.648100
9.234662,4.225422,3.223292,2.570436
9.201620,4.129549,3.352712,2.667091
9.127200,4.176299,3.283747,2.592389
#Run ppf3 with Greedy
# 1,1.56647,1.56203,1.55997,1.55867,1.58579,1.57786,1.56612,1.56735,1.56474,1.56713,1.56494,1.5698,1.56655,1.56247,1.56265,1.56228,1.56549,1.56118,1.56235,1.56182,1.57972,1.56836,1.56002,1.56185,1.55903,1.56026,1.55436,1.56333,1.55879,1.55424,1.56341
# 2,0.742721,0.814501,0.816984,0.81601,0.763449,0.706327,0.762987,0.713484,0.827285,0.763918,0.769005,0.712883,0.766884,0.707219,0.768076,0.768373,0.854682,0.924557,0.914896,0.813384,0.714889,0.766993,0.822547,0.708371,0.713813,0.657836,0.819232,0.704859,0.764452,0.807139,0.930698
# 3,0.551068,0.602765,0.652415,0.584194,0.595889,0.55147,0.544534,0.540017,0.65268,0.664416,0.658744,0.66495,0.661775,0.608692,0.654906,0.608485,0.606445,0.56505,0.604123,0.595129,0.639021,0.649582,0.59964,0.590212,0.585834,0.649546,0.635431,0.545757,0.591503,0.543391,0.612672
# 4,0.484961,0.489087,0.487596,0.489904,0.443996,0.490849,0.485366,0.45063,0.524455,0.528324,0.537309,0.449564,0.44676,0.443749,0.492604,0.404067,0.449274,0.484504,0.489936,0.447382,0.49046,0.52325,0.491143,0.525754,0.449753,0.483809,0.450333,0.485265,0.489555,0.483749,0.449476
TimeStamp,GraphName,NumVertices,NumEdges,Algorithm
2016-12-13_123813,coPaperDBLP,1080972,15245729,ppf3_Greedy
1,2,3,4
1.566465,0.742721,0.551068,0.484961
1.562032,0.814501,0.602765,0.489087
1.559969,0.816984,0.652415,0.487596
1.558665,0.816010,0.584194,0.489904
1.585787,0.763449,0.595889,0.443996
1.577865,0.706327,0.551470,0.490849
1.566123,0.762987,0.544534,0.485366
1.567348,0.713484,0.540017,0.450630
1.564736,0.827285,0.652680,0.524455
1.567135,0.763918,0.664416,0.528324
1.564939,0.769005,0.658744,0.537309
1.569804,0.712883,0.664950,0.449564
1.566554,0.766884,0.661775,0.446760
1.562471,0.707219,0.608692,0.443749
1.562654,0.768076,0.654906,0.492604
1.562282,0.768373,0.608485,0.404067
1.565487,0.854682,0.606445,0.449274
1.561182,0.924557,0.565050,0.484504
1.562349,0.914896,0.604123,0.489936
1.561824,0.813384,0.595129,0.447382
1.579723,0.714889,0.639021,0.490460
1.568358,0.766993,0.649582,0.523250
1.560024,0.822547,0.599640,0.491143
1.561852,0.708371,0.590212,0.525754
1.559030,0.713813,0.585834,0.449753
1.560261,0.657836,0.649546,0.483809
1.554361,0.819232,0.635431,0.450333
1.563334,0.704859,0.545757,0.485265
1.558788,0.764452,0.591503,0.489555
1.554238,0.807139,0.543391,0.483749
1.563409,0.930698,0.612672,0.449476
#Run pf with KS
# 1,9.11543,8.9994,8.98204,8.99885,9.09492,9.09078,9.09784,8.9805,9.05437,8.97132,8.99385,9.07307,8.97071,9.02286,9.10654,9.09043,9.1141,9.17634,9.0805,9.09089,9.04941,9.01284,9.01878,9.0027,8.9779,8.98157,9.03557,9.07205,8.96072,9.16047,9.48897
TimeStamp,GraphName,NumVertices,NumEdges,Algorithm
2016-12-13_124000,coPaperDBLP,1080972,15245729,pf_KS
1
9.115428
8.999404
8.982041
8.998847
9.094916
9.090777
9.097843
8.980502
9.054370
8.971323
8.993852
9.073065
8.970708
9.022864
9.106542
9.090427
9.114104
9.176344
9.080498
9.090892
9.049408
9.012837
9.018779
9.002701
8.977895
8.981566
9.035568
9.072047
8.960725
9.160466
9.488966
#Run pf with Greedy
# 1,1.55403,1.55229,1.55441,1.55325,1.55392,1.5522,1.55322,1.55229,1.55254,1.55453,1.54574,1.55332,1.55317,1.54646,1.55351,1.55433,1.55414,1.55538,1.54945,1.55754,1.5522,1.53597,1.55118,1.55275,1.55188,1.55304,1.55261,1.55591,1.55458,1.55872,1.55186
TimeStamp,GraphName,NumVertices,NumEdges,Algorithm
2016-12-13_124440,coPaperDBLP,1080972,15245729,pf_Greedy
1
1.554028
1.552291
1.554413
1.553251
1.553916
1.552199
1.553223
1.552292
1.552539
1.554532
1.545738
1.553319
1.553170
1.546457
1.553513
1.554326
1.554135
1.555379
1.549447
1.557537
1.552196
1.535967
1.551177
1.552754
1.551878
1.553043
1.552613
1.555907
1.554585
1.558715
1.551860
