#Reading Graph
#vertices: 1080972 edges: 15245729
#Verifying if bipartite
#Run karp sipser to get initial matching
#karp sipser matching took: 1.83593s, size = 476726
#Run greedy to get initial matching
#greedy matching took: 1.7445s, size = 486490
#Maximum Matching Size: 490599 edges
#Karp Sipser Initial Matching: 97.1722% optimal
#Greedy Initial Matching: 99.1625% optimal
#Run ppf1 with KS
# 10,7.21789,7.23231,7.44893,7.18591,7.05117,7.31171,7.29064,7.05844,7.46445,7.18424,7.05747,6.94308,7.19682,7.13447,7.17419,7.16671,7.13353,7.31349,7.08537,7.03636,7.17899,7.18855,6.87588,7.29742,7.02472,7.71257,7.1265,7.14423,7.86947,7.43646,7.1629
# 20,3.4576,3.35922,3.42884,3.37925,3.53111,3.22393,3.27696,3.34132,3.27283,3.33024,3.43302,3.51567,3.37878,3.33941,3.51527,3.27323,3.28167,3.25348,3.28707,3.35369,3.2477,3.4919,3.32827,3.40821,3.50925,3.41474,3.32461,3.50453,3.31085,3.42268,3.41953
# 30,2.02835,2.00631,2.11622,2.08314,1.9528,2.01948,2.00424,2.00578,2.07033,1.99854,2.06655,1.99873,2.18728,2.05499,2.00805,2.04806,1.95767,2.07605,2.06017,2.16088,1.99914,2.05207,2.08442,2.16351,2.00214,2.00132,2.05468,2.01366,2.16237,2.1012,1.99322
# 40,1.46381,1.46534,1.43599,1.38608,1.46799,1.35066,1.51673,1.42815,1.44024,1.4791,1.47622,1.52172,1.47775,1.50968,1.3871,1.5671,1.55373,1.43951,1.51114,1.47113,1.43246,1.5151,1.57927,1.42931,1.47177,1.4336,1.38324,1.51971,1.44028,1.48871,1.46686
# 50,1.0857,1.13752,1.13348,1.09908,1.07076,1.13647,1.15842,1.10295,1.13523,1.13467,1.16335,1.09433,1.13266,1.13891,1.13082,1.08609,1.09573,1.16607,1.19816,1.09945,1.13304,1.13987,1.16268,1.14186,1.14985,1.13037,1.13081,1.13702,1.10143,1.2079,1.10298
# 60,0.916625,0.944349,0.921352,0.86949,0.924531,0.837754,0.897923,0.918934,0.894302,0.868652,0.892643,0.895208,0.973503,0.884057,0.892713,0.870952,0.922949,0.891007,0.896237,0.86977,0.924623,0.862994,0.897442,0.92498,0.914749,0.867306,0.91753,0.894191,0.870016,0.943112,1.00715
# 70,0.794111,0.808785,0.763202,0.784003,0.808093,0.780378,0.782867,0.759496,0.782805,0.833362,0.831016,0.83183,0.777706,0.783445,0.758642,0.809131,0.758729,0.824579,0.784695,0.803733,0.784881,0.759232,0.735398,0.763325,0.758163,0.757254,0.787126,0.782012,0.732037,0.757652,0.805518
# 80,0.832026,0.744602,0.746466,0.723738,0.752969,0.725257,0.748863,0.77506,0.774964,0.747445,0.770632,0.773495,0.749108,0.770768,0.749367,0.770914,0.775134,0.747878,0.755013,0.699054,0.772421,0.747883,0.705878,0.723178,0.77938,0.7931,0.725715,0.749505,0.771584,0.744685,0.747846
# 90,0.71314,0.637427,0.72343,0.658437,0.66193,0.635767,0.657151,0.656406,0.676793,0.638138,0.637815,0.702113,0.659,0.655594,0.702635,0.633827,0.679769,0.659406,0.656268,0.658179,0.681535,0.677395,0.680619,0.679449,0.635631,0.638913,0.678281,0.616059,0.61207,0.680293,0.676782
# 100,0.663774,0.568059,0.590003,0.651526,0.611845,0.593548,0.610799,0.612569,0.606329,0.570898,0.632792,0.632092,0.655691,0.595332,0.63417,0.653571,0.610562,0.629633,0.613277,0.654239,0.610734,0.631984,0.610987,0.610384,0.63881,0.634352,0.634697,0.59041,0.59106,0.633307,0.610315
# 110,0.570022,0.578477,0.557766,0.557737,0.557076,0.556615,0.55608,0.596744,0.539772,0.592521,0.558704,0.574677,0.536834,0.557742,0.616193,0.536779,0.556758,0.537166,0.555564,0.558067,0.554486,0.594121,0.539872,0.536442,0.59549,0.557355,0.576501,0.555939,0.537364,0.557626,0.537445
# 120,0.532367,0.535483,0.516362,0.517162,0.534523,0.499409,0.55221,0.535957,0.51437,0.552534,0.536245,0.532417,0.536016,0.534366,0.557114,0.514377,0.532104,0.515157,0.516281,0.553091,0.49899,0.536859,0.515583,0.534518,0.497305,0.51773,0.515375,0.515092,0.534375,0.498011,0.552092
# 130,0.514948,0.502795,0.520236,0.538674,0.468308,0.483969,0.484231,0.520848,0.483085,0.521748,0.502607,0.485157,0.484389,0.537451,0.48387,0.520071,0.536557,0.502009,0.503257,0.468277,0.518743,0.483482,0.538062,0.485008,0.503265,0.535502,0.522201,0.468409,0.502013,0.48286,0.483953
# 140,0.539456,0.473645,0.489423,0.507749,0.507873,0.473347,0.489894,0.472179,0.507591,0.474181,0.473253,0.50879,0.488712,0.473014,0.488435,0.490209,0.488016,0.491233,0.473265,0.490814,0.490377,0.456293,0.524967,0.507754,0.490801,0.524018,0.456217,0.504048,0.455562,0.525596,0.471346
# 150,0.499723,0.483473,0.466253,0.466875,0.467968,0.467469,0.450394,0.483796,0.449833,0.467587,0.466217,0.48588,0.483842,0.468688,0.453126,0.500929,0.467871,0.50062,0.467224,0.469308,0.46535,0.506053,0.468841,0.467611,0.467227,0.448046,0.465186,0.467012,0.449872,0.448855,0.468321
# 160,0.457854,0.472754,0.459344,0.458637,0.473291,0.475762,0.492126,0.440839,0.426392,0.456604,0.457638,0.493292,0.45665,0.423376,0.474766,0.458045,0.42716,0.443454,0.424896,0.423281,0.459259,0.458858,0.440487,0.440998,0.441476,0.442591,0.475486,0.457219,0.456952,0.440436,0.458207
# 170,0.443808,0.414017,0.433121,0.412081,0.428846,0.428534,0.413474,0.4477,0.445378,0.462566,0.444661,0.443893,0.429593,0.443257,0.430419,0.459832,0.431234,0.430407,0.459916,0.429913,0.427875,0.429387,0.427959,0.478983,0.421847,0.462095,0.442804,0.430456,0.429768,0.415052,0.445643
# 180,0.439479,0.406288,0.423841,0.406096,0.438529,0.424018,0.422153,0.437007,0.43981,0.406005,0.407193,0.454799,0.422425,0.423341,0.471613,0.407869,0.424319,0.437978,0.406396,0.422432,0.424426,0.438339,0.438136,0.423675,0.436798,0.40952,0.424348,0.406698,0.424202,0.45145,0.409511
# 190,0.398269,0.405069,0.454647,0.404654,0.4042,0.435754,0.420447,0.468151,0.45579,0.418868,0.437538,0.421965,0.405721,0.406668,0.421104,0.420983,0.404925,0.403339,0.404205,0.421369,0.418993,0.404757,0.405445,0.404724,0.420808,0.420068,0.42246,0.421418,0.46634,0.390315,0.435144
# 200,0.43291,0.415611,0.388217,0.438437,0.419859,0.38548,0.420784,0.405032,0.418468,0.405555,0.435565,0.405084,0.438289,0.4061,0.418712,0.419864,0.403983,0.421914,0.418522,0.421303,0.391104,0.420889,0.420703,0.390377,0.454476,0.405886,0.436655,0.417112,0.404413,0.43497,0.435614
# 210,0.452324,0.418548,0.404943,0.404779,0.404114,0.420867,0.405971,0.406171,0.405347,0.387442,0.421232,0.436679,0.417731,0.388249,0.388053,0.406608,0.40362,0.422413,0.389747,0.420551,0.387961,0.372747,0.403214,0.404058,0.420204,0.433495,0.388536,0.419302,0.403214,0.386732,0.403566
# 220,0.450963,0.404722,0.403412,0.402705,0.403518,0.373806,0.38744,0.420949,0.40431,0.417674,0.391603,0.404203,0.405485,0.388058,0.371121,0.400529,0.371505,0.402975,0.416457,0.419885,0.403958,0.402245,0.403752,0.38807,0.386016,0.403482,0.401829,0.388769,0.373522,0.434856,0.417667
# 230,0.406168,0.38819,0.372969,0.387994,0.382341,0.422371,0.405843,0.373975,0.374317,0.405398,0.35719,0.405756,0.404307,0.404611,0.390895,0.420996,0.372152,0.390687,0.387876,0.421509,0.404545,0.40431,0.40473,0.375998,0.401397,0.403351,0.388924,0.373067,0.374115,0.434345,0.418762
# 240,0.438087,0.388586,0.405293,0.391014,0.404452,0.386911,0.420263,0.402609,0.38827,0.419442,0.389399,0.422085,0.422041,0.404801,0.388371,0.387819,0.389714,0.373094,0.405631,0.405343,0.388024,0.3867,0.395734,0.391606,0.372644,0.370958,0.373738,0.416025,0.372808,0.372869,0.371817
# 250,0.472549,0.416399,0.399519,0.41289,0.433129,0.430213,0.415506,0.418213,0.413818,0.433696,0.450353,0.397959,0.415971,0.416701,0.435528,0.433472,0.415582,0.415679,0.396578,0.434973,0.43294,0.430681,0.450493,0.413666,0.430282,0.40058,0.418187,0.386218,0.413883,0.434015,0.432778
TimeStamp,GraphName,NumVertices,NumEdges,Algorithm
2016-12-10_235802,coPaperDBLP,1080972,15245729,ppf1_KS
Duration,NumThreads,Algorithm
10,20,30,40,50,60,70,80,90,100,110,120,130,140,150,160,170,180,190,200,210,220,230,240,250
7.217887,3.457596,2.028351,1.463814,1.085697,0.916625,0.794111,0.832026,0.713140,0.663774,0.570022,0.532367,0.514948,0.539456,0.499723,0.457854,0.443808,0.439479,0.398269,0.432910,0.452324,0.450963,0.406168,0.438087,0.472549
7.232308,3.359224,2.006311,1.465336,1.137524,0.944349,0.808785,0.744602,0.637427,0.568059,0.578477,0.535483,0.502795,0.473645,0.483473,0.472754,0.414017,0.406288,0.405069,0.415611,0.418548,0.404722,0.388190,0.388586,0.416399
7.448933,3.428842,2.116220,1.435993,1.133477,0.921352,0.763202,0.746466,0.723430,0.590003,0.557766,0.516362,0.520236,0.489423,0.466253,0.459344,0.433121,0.423841,0.454647,0.388217,0.404943,0.403412,0.372969,0.405293,0.399519
7.185907,3.379252,2.083137,1.386079,1.099077,0.869490,0.784003,0.723738,0.658437,0.651526,0.557737,0.517162,0.538674,0.507749,0.466875,0.458637,0.412081,0.406096,0.404654,0.438437,0.404779,0.402705,0.387994,0.391014,0.412890
7.051166,3.531107,1.952801,1.467988,1.070761,0.924531,0.808093,0.752969,0.661930,0.611845,0.557076,0.534523,0.468308,0.507873,0.467968,0.473291,0.428846,0.438529,0.404200,0.419859,0.404114,0.403518,0.382341,0.404452,0.433129
7.311711,3.223926,2.019482,1.350663,1.136466,0.837754,0.780378,0.725257,0.635767,0.593548,0.556615,0.499409,0.483969,0.473347,0.467469,0.475762,0.428534,0.424018,0.435754,0.385480,0.420867,0.373806,0.422371,0.386911,0.430213
7.290640,3.276963,2.004242,1.516732,1.158423,0.897923,0.782867,0.748863,0.657151,0.610799,0.556080,0.552210,0.484231,0.489894,0.450394,0.492126,0.413474,0.422153,0.420447,0.420784,0.405971,0.387440,0.405843,0.420263,0.415506
7.058440,3.341317,2.005779,1.428146,1.102954,0.918934,0.759496,0.775060,0.656406,0.612569,0.596744,0.535957,0.520848,0.472179,0.483796,0.440839,0.447700,0.437007,0.468151,0.405032,0.406171,0.420949,0.373975,0.402609,0.418213
7.464449,3.272830,2.070327,1.440241,1.135227,0.894302,0.782805,0.774964,0.676793,0.606329,0.539772,0.514370,0.483085,0.507591,0.449833,0.426392,0.445378,0.439810,0.455790,0.418468,0.405347,0.404310,0.374317,0.388270,0.413818
7.184240,3.330238,1.998542,1.479102,1.134669,0.868652,0.833362,0.747445,0.638138,0.570898,0.592521,0.552534,0.521748,0.474181,0.467587,0.456604,0.462566,0.406005,0.418868,0.405555,0.387442,0.417674,0.405398,0.419442,0.433696
7.057475,3.433016,2.066549,1.476220,1.163345,0.892643,0.831016,0.770632,0.637815,0.632792,0.558704,0.536245,0.502607,0.473253,0.466217,0.457638,0.444661,0.407193,0.437538,0.435565,0.421232,0.391603,0.357190,0.389399,0.450353
6.943085,3.515670,1.998729,1.521722,1.094326,0.895208,0.831830,0.773495,0.702113,0.632092,0.574677,0.532417,0.485157,0.508790,0.485880,0.493292,0.443893,0.454799,0.421965,0.405084,0.436679,0.404203,0.405756,0.422085,0.397959
7.196817,3.378776,2.187280,1.477746,1.132660,0.973503,0.777706,0.749108,0.659000,0.655691,0.536834,0.536016,0.484389,0.488712,0.483842,0.456650,0.429593,0.422425,0.405721,0.438289,0.417731,0.405485,0.404307,0.422041,0.415971
7.134466,3.339414,2.054988,1.509682,1.138905,0.884057,0.783445,0.770768,0.655594,0.595332,0.557742,0.534366,0.537451,0.473014,0.468688,0.423376,0.443257,0.423341,0.406668,0.406100,0.388249,0.388058,0.404611,0.404801,0.416701
7.174191,3.515265,2.008055,1.387099,1.130825,0.892713,0.758642,0.749367,0.702635,0.634170,0.616193,0.557114,0.483870,0.488435,0.453126,0.474766,0.430419,0.471613,0.421104,0.418712,0.388053,0.371121,0.390895,0.388371,0.435528
7.166707,3.273228,2.048064,1.567103,1.086087,0.870952,0.809131,0.770914,0.633827,0.653571,0.536779,0.514377,0.520071,0.490209,0.500929,0.458045,0.459832,0.407869,0.420983,0.419864,0.406608,0.400529,0.420996,0.387819,0.433472
7.133532,3.281674,1.957670,1.553731,1.095734,0.922949,0.758729,0.775134,0.679769,0.610562,0.556758,0.532104,0.536557,0.488016,0.467871,0.427160,0.431234,0.424319,0.404925,0.403983,0.403620,0.371505,0.372152,0.389714,0.415582
7.313487,3.253480,2.076055,1.439508,1.166072,0.891007,0.824579,0.747878,0.659406,0.629633,0.537166,0.515157,0.502009,0.491233,0.500620,0.443454,0.430407,0.437978,0.403339,0.421914,0.422413,0.402975,0.390687,0.373094,0.415679
7.085374,3.287068,2.060166,1.511135,1.198164,0.896237,0.784695,0.755013,0.656268,0.613277,0.555564,0.516281,0.503257,0.473265,0.467224,0.424896,0.459916,0.406396,0.404205,0.418522,0.389747,0.416457,0.387876,0.405631,0.396578
7.036362,3.353695,2.160875,1.471130,1.099455,0.869770,0.803733,0.699054,0.658179,0.654239,0.558067,0.553091,0.468277,0.490814,0.469308,0.423281,0.429913,0.422432,0.421369,0.421303,0.420551,0.419885,0.421509,0.405343,0.434973
7.178990,3.247699,1.999138,1.432458,1.133041,0.924623,0.784881,0.772421,0.681535,0.610734,0.554486,0.498990,0.518743,0.490377,0.465350,0.459259,0.427875,0.424426,0.418993,0.391104,0.387961,0.403958,0.404545,0.388024,0.432940
7.188554,3.491904,2.052073,1.515097,1.139872,0.862994,0.759232,0.747883,0.677395,0.631984,0.594121,0.536859,0.483482,0.456293,0.506053,0.458858,0.429387,0.438339,0.404757,0.420889,0.372747,0.402245,0.404310,0.386700,0.430681
6.875885,3.328273,2.084417,1.579268,1.162677,0.897442,0.735398,0.705878,0.680619,0.610987,0.539872,0.515583,0.538062,0.524967,0.468841,0.440487,0.427959,0.438136,0.405445,0.420703,0.403214,0.403752,0.404730,0.395734,0.450493
7.297418,3.408214,2.163511,1.429310,1.141857,0.924980,0.763325,0.723178,0.679449,0.610384,0.536442,0.534518,0.485008,0.507754,0.467611,0.440998,0.478983,0.423675,0.404724,0.390377,0.404058,0.388070,0.375998,0.391606,0.413666
7.024718,3.509255,2.002144,1.471772,1.149849,0.914749,0.758163,0.779380,0.635631,0.638810,0.595490,0.497305,0.503265,0.490801,0.467227,0.441476,0.421847,0.436798,0.420808,0.454476,0.420204,0.386016,0.401397,0.372644,0.430282
7.712569,3.414738,2.001319,1.433604,1.130369,0.867306,0.757254,0.793100,0.638913,0.634352,0.557355,0.517730,0.535502,0.524018,0.448046,0.442591,0.462095,0.409520,0.420068,0.405886,0.433495,0.403482,0.403351,0.370958,0.400580
7.126504,3.324612,2.054679,1.383241,1.130813,0.917530,0.787126,0.725715,0.678281,0.634697,0.576501,0.515375,0.522201,0.456217,0.465186,0.475486,0.442804,0.424348,0.422460,0.436655,0.388536,0.401829,0.388924,0.373738,0.418187
7.144235,3.504532,2.013664,1.519705,1.137019,0.894191,0.782012,0.749505,0.616059,0.590410,0.555939,0.515092,0.468409,0.504048,0.467012,0.457219,0.430456,0.406698,0.421418,0.417112,0.419302,0.388769,0.373067,0.416025,0.386218
7.869465,3.310849,2.162375,1.440278,1.101429,0.870016,0.732037,0.771584,0.612070,0.591060,0.537364,0.534375,0.502013,0.455562,0.449872,0.456952,0.429768,0.424202,0.466340,0.404413,0.403214,0.373522,0.374115,0.372808,0.413883
7.436456,3.422684,2.101197,1.488705,1.207902,0.943112,0.757652,0.744685,0.680293,0.633307,0.557626,0.498011,0.482860,0.525596,0.448855,0.440436,0.415052,0.451450,0.390315,0.434970,0.386732,0.434856,0.434345,0.372869,0.434015
7.162904,3.419533,1.993218,1.466862,1.102985,1.007145,0.805518,0.747846,0.676782,0.610315,0.537445,0.552092,0.483953,0.471346,0.468321,0.458207,0.445643,0.409511,0.435144,0.435614,0.403566,0.417667,0.418762,0.371817,0.432778
#Run ppf1 with Greedy
# 10,1.42128,1.47122,1.34752,1.37784,1.33237,1.47389,1.47086,1.37736,1.41952,1.48304,1.32072,1.39061,1.3409,1.35294,1.47998,1.2591,1.42567,1.48518,1.32901,1.25648,1.33908,1.35532,1.33962,1.40014,1.41807,1.337,1.19557,1.38443,1.33019,1.35253,1.4757
# 20,0.651712,0.639095,0.708356,0.709212,0.708944,0.638755,0.640256,0.639764,0.637927,0.636598,0.638142,0.639642,0.708399,0.706608,0.635405,0.639574,0.634472,0.707921,0.636852,0.635933,0.707208,0.637966,0.637329,0.708102,0.636837,0.708714,0.707653,0.708108,0.638465,0.708448,0.708812
# 30,0.447596,0.397403,0.447484,0.398851,0.445468,0.399887,0.447611,0.400654,0.448559,0.447964,0.444951,0.402088,0.448022,0.448832,0.399937,0.447811,0.398489,0.447127,0.399168,0.400191,0.446981,0.447988,0.446602,0.447473,0.447743,0.447805,0.44772,0.399678,0.447836,0.398785,0.44583
# 40,0.325894,0.324369,0.324444,0.32394,0.324155,0.324794,0.361614,0.326242,0.323499,0.325002,0.32483,0.326053,0.323849,0.325904,0.325142,0.324562,0.324671,0.325832,0.361827,0.362659,0.324575,0.323493,0.325313,0.398049,0.326477,0.324361,0.324087,0.32347,0.324877,0.32453,0.32533
# 50,0.28016,0.31159,0.279515,0.278544,0.27905,0.27836,0.279699,0.278627,0.279674,0.279042,0.279585,0.27969,0.279453,0.279527,0.279892,0.279707,0.278812,0.279798,0.278599,0.279776,0.279043,0.278189,0.278377,0.278781,0.278855,0.280478,0.280031,0.309508,0.277483,0.279867,0.278859
# 60,0.216088,0.241786,0.241086,0.242639,0.241505,0.241521,0.2417,0.240795,0.241706,0.241372,0.215636,0.24192,0.215189,0.241452,0.240927,0.24172,0.241247,0.215105,0.241599,0.215109,0.240458,0.240243,0.241012,0.241323,0.240721,0.216042,0.241467,0.241874,0.215739,0.215416,0.215909
# 70,0.209223,0.209306,0.21034,0.209856,0.209448,0.235007,0.234313,0.234277,0.234609,0.209758,0.210609,0.23546,0.209789,0.234323,0.235441,0.234859,0.210043,0.233921,0.234834,0.235784,0.234714,0.211175,0.234798,0.210372,0.234111,0.210157,0.210176,0.23428,0.209428,0.208156,0.235051
# 80,0.208778,0.206732,0.2083,0.208023,0.207876,0.231781,0.209164,0.208762,0.208024,0.232406,0.207934,0.232093,0.232147,0.208854,0.207785,0.208636,0.207785,0.207248,0.207548,0.232922,0.208499,0.208056,0.208163,0.208256,0.208507,0.232574,0.209239,0.208672,0.231935,0.232795,0.208556
# 90,0.222893,0.198186,0.199207,0.198837,0.222612,0.19956,0.197875,0.221636,0.198705,0.221122,0.197941,0.198622,0.199071,0.198108,0.198625,0.222302,0.221692,0.198945,0.198742,0.199084,0.198711,0.198947,0.198759,0.197559,0.19918,0.198716,0.198695,0.198494,0.19854,0.199754,0.198391
# 100,0.190579,0.189707,0.18909,0.188973,0.190092,0.190443,0.210891,0.189853,0.189855,0.189629,0.210938,0.189593,0.189228,0.190432,0.211887,0.189789,0.189563,0.189848,0.189482,0.189653,0.189994,0.19057,0.190121,0.212501,0.212011,0.189543,0.189599,0.189637,0.189655,0.190662,0.189847
# 110,0.183273,0.183499,0.182111,0.183199,0.182573,0.204061,0.182479,0.18305,0.182819,0.18325,0.183111,0.203249,0.182664,0.183029,0.183137,0.183627,0.183349,0.183542,0.182722,0.18325,0.183012,0.183149,0.182855,0.202957,0.182913,0.182089,0.182965,0.203498,0.183081,0.183107,0.182247
# 120,0.158694,0.177604,0.177195,0.177082,0.177552,0.177884,0.177567,0.178299,0.178177,0.177962,0.178461,0.177346,0.177823,0.178024,0.177934,0.178592,0.177403,0.178363,0.177903,0.158147,0.197551,0.178366,0.177851,0.178354,0.177612,0.177444,0.157912,0.178006,0.177724,0.178204,0.178069
# 130,0.177211,0.180193,0.199477,0.179988,0.18017,0.178209,0.18001,0.179555,0.199358,0.179684,0.16148,0.179277,0.180254,0.179363,0.180228,0.160344,0.160182,0.178344,0.198511,0.179547,0.179334,0.180017,0.179914,0.198668,0.179536,0.180978,0.1804,0.179275,0.179907,0.178508,0.199151
# 140,0.180153,0.180021,0.179669,0.160442,0.179436,0.180191,0.159998,0.178867,0.159923,0.179245,0.159899,0.158803,0.179321,0.179749,0.179273,0.18095,0.180164,0.178748,0.17906,0.178183,0.179038,0.179216,0.180063,0.158294,0.179247,0.17925,0.159906,0.179346,0.179899,0.179066,0.180203
# 150,0.180462,0.179552,0.179328,0.179076,0.179418,0.158335,0.179117,0.179954,0.159673,0.180401,0.178917,0.179055,0.17968,0.160311,0.159971,0.179208,0.160087,0.178074,0.178038,0.179304,0.179415,0.198756,0.177953,0.178985,0.160151,0.178865,0.179908,0.18034,0.160319,0.160604,0.177556
# 160,0.161374,0.180571,0.180867,0.160878,0.180243,0.161531,0.181184,0.160646,0.17931,0.159901,0.180565,0.160897,0.179514,0.180414,0.179616,0.180412,0.180447,0.179793,0.160316,0.180415,0.178989,0.159841,0.161033,0.180396,0.158815,0.159416,0.180982,0.160779,0.179248,0.160414,0.161632
# 170,0.160164,0.179554,0.179413,0.179049,0.178582,0.159405,0.157976,0.158577,0.179258,0.15972,0.15954,0.17931,0.17956,0.178428,0.178137,0.178876,0.178803,0.160157,0.178085,0.176751,0.160652,0.179391,0.17896,0.179546,0.178644,0.159397,0.178858,0.178634,0.159322,0.158956,0.179841
# 180,0.18049,0.177634,0.178487,0.179578,0.160063,0.179438,0.178845,0.178955,0.180018,0.158675,0.160269,0.159435,0.160645,0.178286,0.177812,0.177958,0.159283,0.179427,0.179188,0.179229,0.159683,0.179196,0.159303,0.15931,0.179971,0.179344,0.178253,0.159869,0.15947,0.159676,0.178886
# 190,0.1808,0.164982,0.185041,0.185386,0.185573,0.185733,0.186045,0.185148,0.184035,0.186188,0.186428,0.185298,0.165951,0.186347,0.185404,0.16566,0.186386,0.186193,0.166352,0.185288,0.182831,0.185843,0.166005,0.166437,0.185479,0.185965,0.165126,0.185866,0.184832,0.165667,0.166346
# 200,0.166883,0.162691,0.183816,0.18503,0.165474,0.165436,0.165352,0.166289,0.164957,0.165392,0.165508,0.164907,0.165464,0.18547,0.163142,0.166023,0.166057,0.185393,0.164865,0.165919,0.164996,0.166098,0.165569,0.165778,0.184941,0.185364,0.18617,0.162598,0.166302,0.184793,0.185504
# 210,0.187104,0.185612,0.166069,0.185851,0.186764,0.165923,0.165352,0.165973,0.163471,0.18557,0.166052,0.186822,0.186503,0.165682,0.166038,0.185961,0.186029,0.186554,0.166524,0.184839,0.165532,0.183426,0.167432,0.18577,0.166161,0.186332,0.185842,0.186172,0.166996,0.185826,0.166119
# 220,0.168871,0.187862,0.165321,0.168375,0.208426,0.168289,0.188558,0.188365,0.167716,0.188089,0.167965,0.167662,0.188806,0.188128,0.185741,0.167555,0.167571,0.18755,0.187958,0.167556,0.16795,0.167318,0.188064,0.188072,0.168301,0.167665,0.186625,0.165638,0.188091,0.188157,0.187947
# 230,0.189715,0.168463,0.188869,0.168533,0.189504,0.188456,0.188697,0.186453,0.187201,0.168165,0.189533,0.168766,0.16831,0.189555,0.168509,0.168957,0.189214,0.189706,0.189411,0.187911,0.186089,0.169844,0.168532,0.169402,0.189996,0.189432,0.168019,0.168091,0.189314,0.168325,0.188899
# 240,0.170206,0.188543,0.169844,0.191098,0.170104,0.190077,0.192244,0.169713,0.190884,0.17049,0.190695,0.170713,0.170094,0.16718,0.169703,0.170643,0.170269,0.170388,0.169486,0.169856,0.169798,0.169565,0.170889,0.169752,0.170289,0.170457,0.167988,0.16996,0.17065,0.170634,0.169756
# 250,0.193777,0.201627,0.175729,0.173467,0.196864,0.196169,0.196087,0.197487,0.196388,0.174416,0.196222,0.196519,0.175756,0.175426,0.197793,0.196699,0.173198,0.173521,0.175141,0.198131,0.175189,0.174582,0.195923,0.197682,0.175381,0.174167,0.175176,0.17508,0.199354,0.175755,0.198859
TimeStamp,GraphName,NumVertices,NumEdges,Algorithm
2016-12-11_001126,coPaperDBLP,1080972,15245729,ppf1_Greedy
Duration,NumThreads,Algorithm
10,20,30,40,50,60,70,80,90,100,110,120,130,140,150,160,170,180,190,200,210,220,230,240,250
1.421283,0.651712,0.447596,0.325894,0.280160,0.216088,0.209223,0.208778,0.222893,0.190579,0.183273,0.158694,0.177211,0.180153,0.180462,0.161374,0.160164,0.180490,0.180800,0.166883,0.187104,0.168871,0.189715,0.170206,0.193777
1.471221,0.639095,0.397403,0.324369,0.311590,0.241786,0.209306,0.206732,0.198186,0.189707,0.183499,0.177604,0.180193,0.180021,0.179552,0.180571,0.179554,0.177634,0.164982,0.162691,0.185612,0.187862,0.168463,0.188543,0.201627
1.347516,0.708356,0.447484,0.324444,0.279515,0.241086,0.210340,0.208300,0.199207,0.189090,0.182111,0.177195,0.199477,0.179669,0.179328,0.180867,0.179413,0.178487,0.185041,0.183816,0.166069,0.165321,0.188869,0.169844,0.175729
1.377843,0.709212,0.398851,0.323940,0.278544,0.242639,0.209856,0.208023,0.198837,0.188973,0.183199,0.177082,0.179988,0.160442,0.179076,0.160878,0.179049,0.179578,0.185386,0.185030,0.185851,0.168375,0.168533,0.191098,0.173467
1.332365,0.708944,0.445468,0.324155,0.279050,0.241505,0.209448,0.207876,0.222612,0.190092,0.182573,0.177552,0.180170,0.179436,0.179418,0.180243,0.178582,0.160063,0.185573,0.165474,0.186764,0.208426,0.189504,0.170104,0.196864
1.473894,0.638755,0.399887,0.324794,0.278360,0.241521,0.235007,0.231781,0.199560,0.190443,0.204061,0.177884,0.178209,0.180191,0.158335,0.161531,0.159405,0.179438,0.185733,0.165436,0.165923,0.168289,0.188456,0.190077,0.196169
1.470857,0.640256,0.447611,0.361614,0.279699,0.241700,0.234313,0.209164,0.197875,0.210891,0.182479,0.177567,0.180010,0.159998,0.179117,0.181184,0.157976,0.178845,0.186045,0.165352,0.165352,0.188558,0.188697,0.192244,0.196087
1.377355,0.639764,0.400654,0.326242,0.278627,0.240795,0.234277,0.208762,0.221636,0.189853,0.183050,0.178299,0.179555,0.178867,0.179954,0.160646,0.158577,0.178955,0.185148,0.166289,0.165973,0.188365,0.186453,0.169713,0.197487
1.419525,0.637927,0.448559,0.323499,0.279674,0.241706,0.234609,0.208024,0.198705,0.189855,0.182819,0.178177,0.199358,0.159923,0.159673,0.179310,0.179258,0.180018,0.184035,0.164957,0.163471,0.167716,0.187201,0.190884,0.196388
1.483040,0.636598,0.447964,0.325002,0.279042,0.241372,0.209758,0.232406,0.221122,0.189629,0.183250,0.177962,0.179684,0.179245,0.180401,0.159901,0.159720,0.158675,0.186188,0.165392,0.185570,0.188089,0.168165,0.170490,0.174416
1.320720,0.638142,0.444951,0.324830,0.279585,0.215636,0.210609,0.207934,0.197941,0.210938,0.183111,0.178461,0.161480,0.159899,0.178917,0.180565,0.159540,0.160269,0.186428,0.165508,0.166052,0.167965,0.189533,0.190695,0.196222
1.390608,0.639642,0.402088,0.326053,0.279690,0.241920,0.235460,0.232093,0.198622,0.189593,0.203249,0.177346,0.179277,0.158803,0.179055,0.160897,0.179310,0.159435,0.185298,0.164907,0.186822,0.167662,0.168766,0.170713,0.196519
1.340901,0.708399,0.448022,0.323849,0.279453,0.215189,0.209789,0.232147,0.199071,0.189228,0.182664,0.177823,0.180254,0.179321,0.179680,0.179514,0.179560,0.160645,0.165951,0.165464,0.186503,0.188806,0.168310,0.170094,0.175756
1.352935,0.706608,0.448832,0.325904,0.279527,0.241452,0.234323,0.208854,0.198108,0.190432,0.183029,0.178024,0.179363,0.179749,0.160311,0.180414,0.178428,0.178286,0.186347,0.185470,0.165682,0.188128,0.189555,0.167180,0.175426
1.479982,0.635405,0.399937,0.325142,0.279892,0.240927,0.235441,0.207785,0.198625,0.211887,0.183137,0.177934,0.180228,0.179273,0.159971,0.179616,0.178137,0.177812,0.185404,0.163142,0.166038,0.185741,0.168509,0.169703,0.197793
1.259097,0.639574,0.447811,0.324562,0.279707,0.241720,0.234859,0.208636,0.222302,0.189789,0.183627,0.178592,0.160344,0.180950,0.179208,0.180412,0.178876,0.177958,0.165660,0.166023,0.185961,0.167555,0.168957,0.170643,0.196699
1.425667,0.634472,0.398489,0.324671,0.278812,0.241247,0.210043,0.207785,0.221692,0.189563,0.183349,0.177403,0.160182,0.180164,0.160087,0.180447,0.178803,0.159283,0.186386,0.166057,0.186029,0.167571,0.189214,0.170269,0.173198
1.485182,0.707921,0.447127,0.325832,0.279798,0.215105,0.233921,0.207248,0.198945,0.189848,0.183542,0.178363,0.178344,0.178748,0.178074,0.179793,0.160157,0.179427,0.186193,0.185393,0.186554,0.187550,0.189706,0.170388,0.173521
1.329011,0.636852,0.399168,0.361827,0.278599,0.241599,0.234834,0.207548,0.198742,0.189482,0.182722,0.177903,0.198511,0.179060,0.178038,0.160316,0.178085,0.179188,0.166352,0.164865,0.166524,0.187958,0.189411,0.169486,0.175141
1.256479,0.635933,0.400191,0.362659,0.279776,0.215109,0.235784,0.232922,0.199084,0.189653,0.183250,0.158147,0.179547,0.178183,0.179304,0.180415,0.176751,0.179229,0.185288,0.165919,0.184839,0.167556,0.187911,0.169856,0.198131
1.339079,0.707208,0.446981,0.324575,0.279043,0.240458,0.234714,0.208499,0.198711,0.189994,0.183012,0.197551,0.179334,0.179038,0.179415,0.178989,0.160652,0.159683,0.182831,0.164996,0.165532,0.167950,0.186089,0.169798,0.175189
1.355317,0.637966,0.447988,0.323493,0.278189,0.240243,0.211175,0.208056,0.198947,0.190570,0.183149,0.178366,0.180017,0.179216,0.198756,0.159841,0.179391,0.179196,0.185843,0.166098,0.183426,0.167318,0.169844,0.169565,0.174582
1.339616,0.637329,0.446602,0.325313,0.278377,0.241012,0.234798,0.208163,0.198759,0.190121,0.182855,0.177851,0.179914,0.180063,0.177953,0.161033,0.178960,0.159303,0.166005,0.165569,0.167432,0.188064,0.168532,0.170889,0.195923
1.400145,0.708102,0.447473,0.398049,0.278781,0.241323,0.210372,0.208256,0.197559,0.212501,0.202957,0.178354,0.198668,0.158294,0.178985,0.180396,0.179546,0.159310,0.166437,0.165778,0.185770,0.188072,0.169402,0.169752,0.197682
1.418074,0.636837,0.447743,0.326477,0.278855,0.240721,0.234111,0.208507,0.199180,0.212011,0.182913,0.177612,0.179536,0.179247,0.160151,0.158815,0.178644,0.179971,0.185479,0.184941,0.166161,0.168301,0.189996,0.170289,0.175381
1.336995,0.708714,0.447805,0.324361,0.280478,0.216042,0.210157,0.232574,0.198716,0.189543,0.182089,0.177444,0.180978,0.179250,0.178865,0.159416,0.159397,0.179344,0.185965,0.185364,0.186332,0.167665,0.189432,0.170457,0.174167
1.195567,0.707653,0.447720,0.324087,0.280031,0.241467,0.210176,0.209239,0.198695,0.189599,0.182965,0.157912,0.180400,0.159906,0.179908,0.180982,0.178858,0.178253,0.165126,0.186170,0.185842,0.186625,0.168019,0.167988,0.175176
1.384426,0.708108,0.399678,0.323470,0.309508,0.241874,0.234280,0.208672,0.198494,0.189637,0.203498,0.178006,0.179275,0.179346,0.180340,0.160779,0.178634,0.159869,0.185866,0.162598,0.186172,0.165638,0.168091,0.169960,0.175080
1.330195,0.638465,0.447836,0.324877,0.277483,0.215739,0.209428,0.231935,0.198540,0.189655,0.183081,0.177724,0.179907,0.179899,0.160319,0.179248,0.159322,0.159470,0.184832,0.166302,0.166996,0.188091,0.189314,0.170650,0.199354
1.352531,0.708448,0.398785,0.324530,0.279867,0.215416,0.208156,0.232795,0.199754,0.190662,0.183107,0.178204,0.178508,0.179066,0.160604,0.160414,0.158956,0.159676,0.165667,0.184793,0.185826,0.188157,0.168325,0.170634,0.175755
1.475702,0.708812,0.445830,0.325330,0.278859,0.215909,0.235051,0.208556,0.198391,0.189847,0.182247,0.178069,0.199151,0.180203,0.177556,0.161632,0.179841,0.178886,0.166346,0.185504,0.166119,0.187947,0.188899,0.169756,0.198859
#Run ppf2 with KS
# 10,6.67231,7.41387,7.18045,6.93788,7.70086,7.71499,7.07918,6.79457,6.88816,7.29261,7.05642,6.81743,7.80897,7.86719,7.46623,7.12708,7.05665,7.46021,7.33405,6.57931,7.65315,7.74723,7.34493,6.74577,6.90742,7.58456,7.09835,6.97488,7.81303,8.22325,7.80836
# 20,3.28442,3.18964,3.20995,3.26307,3.12384,3.26361,3.03165,3.13441,3.04856,3.20685,3.08754,3.12963,3.36373,3.52077,3.19954,3.36138,3.2235,3.35544,3.12863,3.2122,3.2297,3.21875,3.20732,3.22301,3.14472,3.0824,3.35508,3.20836,3.26643,3.28667,3.34687
# 30,1.90227,1.94825,1.86009,2.00499,1.95248,1.95175,1.86322,1.91183,2.06692,1.90247,1.95011,2.05634,2.00606,1.90353,1.85929,1.94984,1.9097,1.90694,1.96427,1.9657,1.9545,1.90119,1.92237,1.85097,1.86224,2.0486,1.89752,2.00564,1.85779,1.94531,1.85659
# 40,1.51836,1.38767,1.48457,1.42861,1.48065,1.51708,1.36254,1.31134,1.43876,1.39259,1.42681,1.47763,1.42445,1.43722,1.39195,1.35511,1.39602,1.40234,1.34574,1.51481,1.38496,1.38641,1.43727,1.4311,1.4448,1.4018,1.39119,1.40223,1.39369,1.51273,1.34901
# 50,1.10669,1.13354,1.06871,1.04539,1.16431,1.13462,1.14262,1.13864,1.13149,1.07808,1.07404,1.10707,1.07859,1.10399,1.10412,1.09973,1.07801,1.10223,1.10444,1.14087,1.04106,1.07445,1.08049,1.13545,1.08093,1.10285,1.08193,1.10868,1.07053,1.04735,1.07854
# 60,0.862769,0.866208,0.889712,0.891216,0.888898,0.857246,0.944406,0.913023,0.86138,0.914659,0.909093,0.889933,0.90834,0.859582,0.885887,0.967727,0.885906,0.912641,0.916647,0.853882,0.910428,0.890665,0.884234,0.856986,0.912393,0.914959,0.913628,0.862359,0.919734,0.885038,0.881463
# 70,0.761257,0.788422,0.765478,0.816822,0.812761,0.812814,0.787802,0.764044,0.813601,0.812667,0.761101,0.815496,0.810247,0.764272,0.811483,0.761399,0.782855,0.789245,0.813233,0.784806,0.784142,0.762772,0.810941,0.790394,0.764051,0.763425,0.763224,0.811837,0.758244,0.787283,0.78273
# 80,0.757869,0.683494,0.710708,0.732099,0.727945,0.779486,0.733429,0.732032,0.7086,0.728477,0.681241,0.70964,0.757114,0.729677,0.734287,0.754024,0.756341,0.706448,0.731097,0.801334,0.687961,0.735489,0.708541,0.707277,0.705329,0.706478,0.708753,0.733519,0.707777,0.733131,0.756111
# 90,0.740565,0.628142,0.693232,0.693309,0.672107,0.698237,0.672932,0.697277,0.672736,0.672828,0.670544,0.677678,0.674269,0.650979,0.762647,0.676316,0.669536,0.675002,0.648922,0.676707,0.691101,0.692728,0.695916,0.718869,0.651021,0.695557,0.674256,0.653446,0.675449,0.67373,0.657558
# 100,0.654829,0.60989,0.609975,0.631159,0.609674,0.605821,0.650663,0.589001,0.610063,0.613664,0.63089,0.608033,0.610125,0.613907,0.608809,0.608837,0.630812,0.630307,0.632053,0.590001,0.632395,0.589897,0.650439,0.632705,0.630035,0.609893,0.611303,0.590396,0.631078,0.633857,0.61062
# 110,0.56824,0.545962,0.566915,0.565099,0.549043,0.547434,0.54699,0.529615,0.548254,0.528604,0.546648,0.582366,0.54853,0.5298,0.549268,0.568349,0.546398,0.529913,0.550309,0.548988,0.529991,0.527095,0.549594,0.56475,0.548115,0.566541,0.547403,0.549657,0.547203,0.528877,0.531002
# 120,0.5205,0.53653,0.516201,0.502736,0.502321,0.515962,0.555758,0.503275,0.505312,0.504571,0.559469,0.53935,0.521553,0.505577,0.544655,0.543936,0.522059,0.503626,0.520339,0.464594,0.503538,0.504231,0.50581,0.489046,0.523278,0.505417,0.505881,0.503728,0.539988,0.467556,0.502048
# 130,0.504982,0.509164,0.488512,0.455627,0.472487,0.490526,0.509217,0.473336,0.48818,0.491634,0.492489,0.456963,0.509093,0.488195,0.470525,0.529385,0.490158,0.452033,0.473535,0.489805,0.490462,0.489626,0.504434,0.490476,0.472669,0.519928,0.474992,0.526299,0.488986,0.472582,0.543294
# 140,0.493169,0.475071,0.476421,0.475908,0.475969,0.460892,0.459752,0.461236,0.476725,0.476656,0.491829,0.474577,0.47556,0.492742,0.458304,0.492994,0.456556,0.493429,0.495335,0.509427,0.476564,0.477014,0.477944,0.443155,0.472588,0.478121,0.444661,0.459796,0.491177,0.457431,0.475284
# 150,0.467643,0.451214,0.468241,0.466328,0.450049,0.432609,0.449614,0.452593,0.484656,0.466665,0.465757,0.432615,0.448524,0.466727,0.468649,0.46682,0.433352,0.46562,0.417403,0.44992,0.449976,0.448809,0.466772,0.466093,0.469457,0.448018,0.467526,0.449741,0.417814,0.483384,0.432561
# 160,0.445144,0.425605,0.410036,0.441262,0.440123,0.458515,0.442709,0.439502,0.425518,0.410588,0.427348,0.44268,0.422272,0.441388,0.458487,0.442266,0.45805,0.44263,0.422511,0.409099,0.426147,0.442869,0.426961,0.442862,0.441083,0.429726,0.425698,0.425021,0.421311,0.472075,0.472217
# 170,0.448948,0.417462,0.402034,0.402873,0.431632,0.462014,0.432078,0.413826,0.415935,0.416587,0.433404,0.449368,0.415748,0.432815,0.417514,0.417573,0.417884,0.417752,0.448152,0.416805,0.415431,0.41618,0.431924,0.429255,0.417665,0.4187,0.432015,0.417848,0.386202,0.433346,0.417924
# 180,0.397562,0.398084,0.398194,0.412629,0.410658,0.397083,0.429891,0.412457,0.399765,0.447594,0.415064,0.40194,0.415026,0.416252,0.430653,0.415646,0.401067,0.430536,0.431075,0.414536,0.41688,0.398585,0.38694,0.402907,0.41321,0.399177,0.415234,0.434158,0.383294,0.401252,0.399292
# 190,0.408732,0.41307,0.383546,0.429708,0.428961,0.411718,0.413763,0.431157,0.428646,0.41483,0.39756,0.428679,0.414025,0.41331,0.382192,0.39963,0.410531,0.412701,0.429542,0.442945,0.398826,0.368285,0.429457,0.398716,0.427438,0.412942,0.413967,0.41186,0.398978,0.397661,0.413901
# 200,0.380975,0.412065,0.412266,0.397983,0.397056,0.397196,0.395684,0.379407,0.396388,0.397255,0.397584,0.382206,0.396441,0.394836,0.380363,0.426853,0.413103,0.412872,0.397018,0.398932,0.396109,0.382593,0.398227,0.454858,0.396563,0.380697,0.414072,0.353462,0.382721,0.410902,0.380249
# 210,0.381168,0.395794,0.381022,0.395455,0.424627,0.411601,0.395561,0.395842,0.443445,0.412129,0.423124,0.380737,0.411059,0.411945,0.440304,0.410823,0.396192,0.382106,0.41306,0.41251,0.397714,0.423078,0.395859,0.410646,0.411681,0.412025,0.395205,0.383371,0.380219,0.41108,0.395789
# 220,0.395454,0.37856,0.408155,0.408333,0.378666,0.41163,0.410126,0.391676,0.379689,0.393797,0.36311,0.394294,0.422502,0.391794,0.379847,0.394311,0.394494,0.408687,0.393273,0.396417,0.425004,0.407875,0.408403,0.407408,0.391561,0.379559,0.394054,0.378352,0.364747,0.393464,0.391954
# 230,0.39833,0.378929,0.409838,0.381033,0.365562,0.377938,0.394432,0.365959,0.394655,0.379268,0.368764,0.362517,0.426258,0.380227,0.381009,0.411038,0.380502,0.365983,0.394955,0.410223,0.350839,0.396443,0.365368,0.381487,0.396983,0.379137,0.397141,0.397512,0.362665,0.363376,0.395344
# 240,0.383171,0.366551,0.381254,0.394486,0.378646,0.365076,0.380759,0.378652,0.395154,0.377177,0.364491,0.365424,0.366106,0.382964,0.377893,0.364287,0.379315,0.381652,0.394853,0.368277,0.381797,0.378342,0.366316,0.367158,0.365132,0.380662,0.379809,0.362892,0.410952,0.366122,0.410739
# 250,0.44805,0.38883,0.410533,0.426261,0.410401,0.362705,0.409203,0.393119,0.394037,0.447294,0.410687,0.408622,0.412803,0.392496,0.411937,0.410857,0.374503,0.413956,0.407706,0.429763,0.410812,0.394404,0.407769,0.406902,0.394304,0.378503,0.409547,0.426667,0.425622,0.410815,0.406689
TimeStamp,GraphName,NumVertices,NumEdges,Algorithm
2016-12-11_001504,coPaperDBLP,1080972,15245729,ppf2_KS
Duration,NumThreads,Algorithm
10,20,30,40,50,60,70,80,90,100,110,120,130,140,150,160,170,180,190,200,210,220,230,240,250
6.672305,3.284423,1.902274,1.518364,1.106690,0.862769,0.761257,0.757869,0.740565,0.654829,0.568240,0.520500,0.504982,0.493169,0.467643,0.445144,0.448948,0.397562,0.408732,0.380975,0.381168,0.395454,0.398330,0.383171,0.448050
7.413866,3.189644,1.948246,1.387672,1.133535,0.866208,0.788422,0.683494,0.628142,0.609890,0.545962,0.536530,0.509164,0.475071,0.451214,0.425605,0.417462,0.398084,0.413070,0.412065,0.395794,0.378560,0.378929,0.366551,0.388830
7.180454,3.209954,1.860090,1.484569,1.068705,0.889712,0.765478,0.710708,0.693232,0.609975,0.566915,0.516201,0.488512,0.476421,0.468241,0.410036,0.402034,0.398194,0.383546,0.412266,0.381022,0.408155,0.409838,0.381254,0.410533
6.937884,3.263073,2.004991,1.428609,1.045386,0.891216,0.816822,0.732099,0.693309,0.631159,0.565099,0.502736,0.455627,0.475908,0.466328,0.441262,0.402873,0.412629,0.429708,0.397983,0.395455,0.408333,0.381033,0.394486,0.426261
7.700861,3.123837,1.952482,1.480645,1.164315,0.888898,0.812761,0.727945,0.672107,0.609674,0.549043,0.502321,0.472487,0.475969,0.450049,0.440123,0.431632,0.410658,0.428961,0.397056,0.424627,0.378666,0.365562,0.378646,0.410401
7.714992,3.263606,1.951754,1.517082,1.134624,0.857246,0.812814,0.779486,0.698237,0.605821,0.547434,0.515962,0.490526,0.460892,0.432609,0.458515,0.462014,0.397083,0.411718,0.397196,0.411601,0.411630,0.377938,0.365076,0.362705
7.079178,3.031649,1.863218,1.362537,1.142615,0.944406,0.787802,0.733429,0.672932,0.650663,0.546990,0.555758,0.509217,0.459752,0.449614,0.442709,0.432078,0.429891,0.413763,0.395684,0.395561,0.410126,0.394432,0.380759,0.409203
6.794567,3.134410,1.911831,1.311340,1.138638,0.913023,0.764044,0.732032,0.697277,0.589001,0.529615,0.503275,0.473336,0.461236,0.452593,0.439502,0.413826,0.412457,0.431157,0.379407,0.395842,0.391676,0.365959,0.378652,0.393119
6.888164,3.048556,2.066922,1.438759,1.131487,0.861380,0.813601,0.708600,0.672736,0.610063,0.548254,0.505312,0.488180,0.476725,0.484656,0.425518,0.415935,0.399765,0.428646,0.396388,0.443445,0.379689,0.394655,0.395154,0.394037
7.292606,3.206851,1.902470,1.392591,1.078076,0.914659,0.812667,0.728477,0.672828,0.613664,0.528604,0.504571,0.491634,0.476656,0.466665,0.410588,0.416587,0.447594,0.414830,0.397255,0.412129,0.393797,0.379268,0.377177,0.447294
7.056418,3.087542,1.950110,1.426807,1.074038,0.909093,0.761101,0.681241,0.670544,0.630890,0.546648,0.559469,0.492489,0.491829,0.465757,0.427348,0.433404,0.415064,0.397560,0.397584,0.423124,0.363110,0.368764,0.364491,0.410687
6.817430,3.129626,2.056341,1.477627,1.107072,0.889933,0.815496,0.709640,0.677678,0.608033,0.582366,0.539350,0.456963,0.474577,0.432615,0.442680,0.449368,0.401940,0.428679,0.382206,0.380737,0.394294,0.362517,0.365424,0.408622
7.808972,3.363726,2.006061,1.424448,1.078587,0.908340,0.810247,0.757114,0.674269,0.610125,0.548530,0.521553,0.509093,0.475560,0.448524,0.422272,0.415748,0.415026,0.414025,0.396441,0.411059,0.422502,0.426258,0.366106,0.412803
7.867188,3.520770,1.903534,1.437219,1.103988,0.859582,0.764272,0.729677,0.650979,0.613907,0.529800,0.505577,0.488195,0.492742,0.466727,0.441388,0.432815,0.416252,0.413310,0.394836,0.411945,0.391794,0.380227,0.382964,0.392496
7.466235,3.199544,1.859289,1.391950,1.104123,0.885887,0.811483,0.734287,0.762647,0.608809,0.549268,0.544655,0.470525,0.458304,0.468649,0.458487,0.417514,0.430653,0.382192,0.380363,0.440304,0.379847,0.381009,0.377893,0.411937
7.127081,3.361385,1.949841,1.355107,1.099727,0.967727,0.761399,0.754024,0.676316,0.608837,0.568349,0.543936,0.529385,0.492994,0.466820,0.442266,0.417573,0.415646,0.399630,0.426853,0.410823,0.394311,0.411038,0.364287,0.410857
7.056648,3.223502,1.909696,1.396024,1.078008,0.885906,0.782855,0.756341,0.669536,0.630812,0.546398,0.522059,0.490158,0.456556,0.433352,0.458050,0.417884,0.401067,0.410531,0.413103,0.396192,0.394494,0.380502,0.379315,0.374503
7.460211,3.355435,1.906944,1.402342,1.102232,0.912641,0.789245,0.706448,0.675002,0.630307,0.529913,0.503626,0.452033,0.493429,0.465620,0.442630,0.417752,0.430536,0.412701,0.412872,0.382106,0.408687,0.365983,0.381652,0.413956
7.334046,3.128631,1.964273,1.345743,1.104439,0.916647,0.813233,0.731097,0.648922,0.632053,0.550309,0.520339,0.473535,0.495335,0.417403,0.422511,0.448152,0.431075,0.429542,0.397018,0.413060,0.393273,0.394955,0.394853,0.407706
6.579314,3.212200,1.965699,1.514815,1.140872,0.853882,0.784806,0.801334,0.676707,0.590001,0.548988,0.464594,0.489805,0.509427,0.449920,0.409099,0.416805,0.414536,0.442945,0.398932,0.412510,0.396417,0.410223,0.368277,0.429763
7.653152,3.229705,1.954499,1.384959,1.041059,0.910428,0.784142,0.687961,0.691101,0.632395,0.529991,0.503538,0.490462,0.476564,0.449976,0.426147,0.415431,0.416880,0.398826,0.396109,0.397714,0.425004,0.350839,0.381797,0.410812
7.747230,3.218746,1.901188,1.386407,1.074454,0.890665,0.762772,0.735489,0.692728,0.589897,0.527095,0.504231,0.489626,0.477014,0.448809,0.442869,0.416180,0.398585,0.368285,0.382593,0.423078,0.407875,0.396443,0.378342,0.394404
7.344931,3.207321,1.922373,1.437272,1.080485,0.884234,0.810941,0.708541,0.695916,0.650439,0.549594,0.505810,0.504434,0.477944,0.466772,0.426961,0.431924,0.386940,0.429457,0.398227,0.395859,0.408403,0.365368,0.366316,0.407769
6.745771,3.223006,1.850969,1.431103,1.135451,0.856986,0.790394,0.707277,0.718869,0.632705,0.564750,0.489046,0.490476,0.443155,0.466093,0.442862,0.429255,0.402907,0.398716,0.454858,0.410646,0.407408,0.381487,0.367158,0.406902
6.907425,3.144723,1.862243,1.444801,1.080934,0.912393,0.764051,0.705329,0.651021,0.630035,0.548115,0.523278,0.472669,0.472588,0.469457,0.441083,0.417665,0.413210,0.427438,0.396563,0.411681,0.391561,0.396983,0.365132,0.394304
7.584556,3.082401,2.048596,1.401798,1.102854,0.914959,0.763425,0.706478,0.695557,0.609893,0.566541,0.505417,0.519928,0.478121,0.448018,0.429726,0.418700,0.399177,0.412942,0.380697,0.412025,0.379559,0.379137,0.380662,0.378503
7.098347,3.355085,1.897519,1.391187,1.081929,0.913628,0.763224,0.708753,0.674256,0.611303,0.547403,0.505881,0.474992,0.444661,0.467526,0.425698,0.432015,0.415234,0.413967,0.414072,0.395205,0.394054,0.397141,0.379809,0.409547
6.974882,3.208357,2.005636,1.402230,1.108685,0.862359,0.811837,0.733519,0.653446,0.590396,0.549657,0.503728,0.526299,0.459796,0.449741,0.425021,0.417848,0.434158,0.411860,0.353462,0.383371,0.378352,0.397512,0.362892,0.426667
7.813026,3.266431,1.857795,1.393693,1.070525,0.919734,0.758244,0.707777,0.675449,0.631078,0.547203,0.539988,0.488986,0.491177,0.417814,0.421311,0.386202,0.383294,0.398978,0.382721,0.380219,0.364747,0.362665,0.410952,0.425622
8.223246,3.286666,1.945311,1.512728,1.047347,0.885038,0.787283,0.733131,0.673730,0.633857,0.528877,0.467556,0.472582,0.457431,0.483384,0.472075,0.433346,0.401252,0.397661,0.410902,0.411080,0.393464,0.363376,0.366122,0.410815
7.808365,3.346874,1.856591,1.349005,1.078541,0.881463,0.782730,0.756111,0.657558,0.610620,0.531002,0.502048,0.543294,0.475284,0.432561,0.472217,0.417924,0.399292,0.413901,0.380249,0.395789,0.391954,0.395344,0.410739,0.406689
#Run ppf2 with Greedy
# 10,1.32971,1.47579,1.37111,1.51558,1.52977,1.37545,1.24255,1.33422,1.33381,1.61648,1.37152,1.6706,1.41058,1.25574,1.38421,1.21747,1.34254,1.4849,1.38267,1.52346,1.40994,1.26168,1.38288,1.34185,1.34221,1.48739,1.38129,1.51988,1.27864,1.3898,1.38501
# 20,0.636315,0.703924,0.705623,0.63566,0.635507,0.633795,0.636104,0.634026,0.706523,0.704295,0.564307,0.705675,0.70642,0.708337,0.635363,0.63618,0.63569,0.634151,0.633774,0.637809,0.635558,0.7039,0.708519,0.635833,0.776595,0.635973,0.70714,0.634447,0.635614,0.639903,0.636035
# 30,0.401611,0.448712,0.449256,0.447283,0.399421,0.448182,0.401643,0.447117,0.400897,0.450042,0.399456,0.449222,0.449864,0.400938,0.448304,0.449086,0.448951,0.401218,0.447327,0.400524,0.44843,0.448929,0.4488,0.400606,0.401309,0.399938,0.446845,0.449997,0.449133,0.449471,0.400559
# 40,0.327488,0.324668,0.324434,0.324742,0.326034,0.325305,0.324833,0.325476,0.324977,0.325678,0.364554,0.362571,0.3257,0.363392,0.327356,0.326397,0.362017,0.325499,0.326718,0.325343,0.325645,0.325674,0.32581,0.325507,0.325972,0.326616,0.325527,0.324924,0.326224,0.324707,0.324729
# 50,0.280524,0.279714,0.278922,0.27905,0.248528,0.247594,0.280075,0.278971,0.27899,0.279829,0.279599,0.280007,0.279758,0.279798,0.278938,0.280295,0.279887,0.279545,0.279916,0.280719,0.28024,0.2796,0.279169,0.312147,0.280228,0.247751,0.312251,0.279778,0.279819,0.309765,0.279741
# 60,0.217539,0.26681,0.215418,0.241613,0.241568,0.240954,0.240958,0.242162,0.215596,0.214721,0.242323,0.241434,0.242496,0.242289,0.241414,0.215424,0.241288,0.21513,0.241401,0.215128,0.214446,0.241467,0.242324,0.241023,0.241478,0.215468,0.241577,0.215336,0.241292,0.240567,0.240279
# 70,0.20879,0.235445,0.2107,0.209977,0.209728,0.210432,0.210243,0.210374,0.209895,0.210792,0.21081,0.235045,0.234806,0.209745,0.233899,0.234561,0.209661,0.20957,0.234919,0.23487,0.210943,0.209573,0.209938,0.235628,0.209671,0.20972,0.209608,0.234376,0.235196,0.233855,0.235077
# 80,0.208295,0.207692,0.208496,0.231107,0.208572,0.208182,0.208077,0.208129,0.232092,0.232075,0.20918,0.208617,0.208318,0.207998,0.208032,0.207451,0.208379,0.207589,0.208016,0.208561,0.208455,0.232105,0.232758,0.233649,0.232502,0.208221,0.208487,0.232372,0.209349,0.208745,0.208258
# 90,0.199703,0.198256,0.198322,0.221383,0.199079,0.198762,0.198577,0.198113,0.198452,0.199918,0.198268,0.199938,0.221886,0.199393,0.198329,0.222268,0.221253,0.198482,0.199172,0.199753,0.199323,0.198385,0.221445,0.199375,0.222714,0.221979,0.22195,0.198965,0.198482,0.199649,0.198744
# 100,0.211364,0.211741,0.189345,0.19053,0.190121,0.190651,0.190597,0.211719,0.189988,0.191322,0.189774,0.18939,0.189783,0.189485,0.189889,0.189178,0.188775,0.18959,0.189123,0.190019,0.190101,0.189823,0.189827,0.189716,0.190051,0.167781,0.189606,0.189503,0.188666,0.189543,0.211965
# 110,0.204694,0.183324,0.202924,0.182425,0.182457,0.182754,0.183579,0.182293,0.182293,0.182741,0.182655,0.182207,0.18217,0.203888,0.183325,0.183059,0.182598,0.182789,0.183297,0.182667,0.181773,0.182556,0.203655,0.182931,0.183236,0.182778,0.182726,0.182624,0.182506,0.182483,0.182383
# 120,0.198489,0.177975,0.178056,0.177274,0.177325,0.177967,0.177671,0.177265,0.177745,0.179045,0.177605,0.158382,0.178141,0.177674,0.177593,0.178691,0.177667,0.178822,0.177688,0.177807,0.177915,0.158629,0.178601,0.178688,0.158511,0.178454,0.196329,0.158024,0.177831,0.177748,0.177509
# 130,0.17689,0.180164,0.199234,0.180371,0.161393,0.180122,0.179988,0.178743,0.180232,0.17968,0.179998,0.179839,0.180325,0.180066,0.180848,0.180126,0.179802,0.179986,0.180054,0.17999,0.177859,0.18045,0.180102,0.180363,0.180576,0.179336,0.179874,0.180353,0.180637,0.179853,0.179534
# 140,0.179689,0.176569,0.178956,0.16008,0.178415,0.179086,0.179475,0.178721,0.178846,0.179311,0.17841,0.178506,0.178029,0.177454,0.17822,0.178293,0.178787,0.180305,0.178629,0.178946,0.178812,0.178492,0.178513,0.17921,0.179415,0.178701,0.177073,0.15981,0.178615,0.179084,0.178585
# 150,0.18007,0.178375,0.179674,0.179319,0.179408,0.179176,0.178967,0.15827,0.17912,0.179058,0.179001,0.179351,0.178291,0.178923,0.179019,0.179515,0.179085,0.179212,0.179208,0.177456,0.159203,0.178609,0.17879,0.159179,0.19891,0.159639,0.179145,0.178665,0.178496,0.179562,0.178676
# 160,0.161448,0.159555,0.180107,0.159975,0.180208,0.180088,0.161181,0.179857,0.16049,0.16085,0.180348,0.181085,0.180447,0.179405,0.159751,0.17985,0.159355,0.180789,0.160604,0.179941,0.179602,0.179933,0.160102,0.160359,0.180633,0.181133,0.179106,0.160556,0.180041,0.179905,0.180125
# 170,0.198551,0.179041,0.178775,0.179294,0.159161,0.159506,0.178637,0.159677,0.178004,0.159922,0.1797,0.159888,0.179437,0.159631,0.179583,0.159093,0.178887,0.179024,0.179001,0.160034,0.159766,0.177875,0.160092,0.178567,0.159703,0.179168,0.178982,0.179416,0.179292,0.160407,0.17932
# 180,0.179786,0.179303,0.177463,0.178835,0.180007,0.159268,0.159265,0.180491,0.178811,0.179192,0.199358,0.179433,0.178686,0.179944,0.15917,0.176781,0.159543,0.178448,0.178634,0.159206,0.159621,0.178456,0.178436,0.179153,0.159148,0.15887,0.178718,0.178205,0.158526,0.178664,0.179345
# 190,0.161672,0.165804,0.165872,0.185514,0.184327,0.184786,0.185056,0.185371,0.185243,0.183093,0.16558,0.164965,0.184801,0.184703,0.184994,0.185604,0.185319,0.165242,0.184864,0.18508,0.184865,0.182761,0.185741,0.165013,0.166081,0.185478,0.16575,0.165261,0.165614,0.185949,0.185461
# 200,0.166854,0.185457,0.16358,0.164118,0.166261,0.165906,0.166176,0.185353,0.165401,0.165622,0.16552,0.18475,0.165882,0.166426,0.165319,0.162567,0.164584,0.165879,0.164945,0.185212,0.16555,0.165232,0.184802,0.185468,0.165249,0.184892,0.164974,0.165384,0.182825,0.165404,0.165343
# 210,0.18756,0.165728,0.166199,0.166667,0.185591,0.18554,0.166318,0.186693,0.185338,0.166054,0.163493,0.165628,0.166563,0.185801,0.165075,0.165406,0.185201,0.166357,0.185593,0.185409,0.165214,0.185902,0.184002,0.18417,0.166647,0.165934,0.186176,0.165658,0.186351,0.165721,0.167105
# 220,0.16863,0.187673,0.168131,0.188164,0.16495,0.168617,0.167631,0.167557,0.188589,0.187706,0.187917,0.186113,0.167551,0.16814,0.187519,0.187801,0.18762,0.165509,0.167452,0.167171,0.188118,0.16874,0.186968,0.167871,0.167796,0.189186,0.187614,0.168344,0.187059,0.165357,0.167919
# 230,0.190815,0.168857,0.168971,0.18994,0.188944,0.188921,0.168488,0.190532,0.168956,0.168488,0.168796,0.187064,0.169119,0.188436,0.18917,0.189069,0.168848,0.18843,0.189337,0.189339,0.189174,0.189378,0.189475,0.166827,0.168329,0.168913,0.168925,0.189479,0.188509,0.168908,0.188832
# 240,0.171188,0.170343,0.189782,0.169406,0.169638,0.167788,0.170654,0.190456,0.191142,0.190611,0.170439,0.170221,0.189866,0.191307,0.190894,0.169999,0.18951,0.168209,0.190683,0.190321,0.169552,0.191118,0.191442,0.169475,0.190822,0.169947,0.170057,0.169739,0.171117,0.188741,0.190837
# 250,0.193877,0.199972,0.175781,0.198198,0.196986,0.17289,0.17376,0.197675,0.196682,0.21788,0.173718,0.196516,0.173322,0.19767,0.195115,0.17383,0.174652,0.196327,0.175626,0.17401,0.175864,0.173256,0.195953,0.174886,0.198162,0.17518,0.173294,0.196468,0.196978,0.173396,0.197595
TimeStamp,GraphName,NumVertices,NumEdges,Algorithm
2016-12-11_002813,coPaperDBLP,1080972,15245729,ppf2_Greedy
Duration,NumThreads,Algorithm
10,20,30,40,50,60,70,80,90,100,110,120,130,140,150,160,170,180,190,200,210,220,230,240,250
1.329710,0.636315,0.401611,0.327488,0.280524,0.217539,0.208790,0.208295,0.199703,0.211364,0.204694,0.198489,0.176890,0.179689,0.180070,0.161448,0.198551,0.179786,0.161672,0.166854,0.187560,0.168630,0.190815,0.171188,0.193877
1.475795,0.703924,0.448712,0.324668,0.279714,0.266810,0.235445,0.207692,0.198256,0.211741,0.183324,0.177975,0.180164,0.176569,0.178375,0.159555,0.179041,0.179303,0.165804,0.185457,0.165728,0.187673,0.168857,0.170343,0.199972
1.371115,0.705623,0.449256,0.324434,0.278922,0.215418,0.210700,0.208496,0.198322,0.189345,0.202924,0.178056,0.199234,0.178956,0.179674,0.180107,0.178775,0.177463,0.165872,0.163580,0.166199,0.168131,0.168971,0.189782,0.175781
1.515582,0.635660,0.447283,0.324742,0.279050,0.241613,0.209977,0.231107,0.221383,0.190530,0.182425,0.177274,0.180371,0.160080,0.179319,0.159975,0.179294,0.178835,0.185514,0.164118,0.166667,0.188164,0.189940,0.169406,0.198198
1.529769,0.635507,0.399421,0.326034,0.248528,0.241568,0.209728,0.208572,0.199079,0.190121,0.182457,0.177325,0.161393,0.178415,0.179408,0.180208,0.159161,0.180007,0.184327,0.166261,0.185591,0.164950,0.188944,0.169638,0.196986
1.375447,0.633795,0.448182,0.325305,0.247594,0.240954,0.210432,0.208182,0.198762,0.190651,0.182754,0.177967,0.180122,0.179086,0.179176,0.180088,0.159506,0.159268,0.184786,0.165906,0.185540,0.168617,0.188921,0.167788,0.172890
1.242549,0.636104,0.401643,0.324833,0.280075,0.240958,0.210243,0.208077,0.198577,0.190597,0.183579,0.177671,0.179988,0.179475,0.178967,0.161181,0.178637,0.159265,0.185056,0.166176,0.166318,0.167631,0.168488,0.170654,0.173760
1.334223,0.634026,0.447117,0.325476,0.278971,0.242162,0.210374,0.208129,0.198113,0.211719,0.182293,0.177265,0.178743,0.178721,0.158270,0.179857,0.159677,0.180491,0.185371,0.185353,0.186693,0.167557,0.190532,0.190456,0.197675
1.333812,0.706523,0.400897,0.324977,0.278990,0.215596,0.209895,0.232092,0.198452,0.189988,0.182293,0.177745,0.180232,0.178846,0.179120,0.160490,0.178004,0.178811,0.185243,0.165401,0.185338,0.188589,0.168956,0.191142,0.196682
1.616482,0.704295,0.450042,0.325678,0.279829,0.214721,0.210792,0.232075,0.199918,0.191322,0.182741,0.179045,0.179680,0.179311,0.179058,0.160850,0.159922,0.179192,0.183093,0.165622,0.166054,0.187706,0.168488,0.190611,0.217880
1.371516,0.564307,0.399456,0.364554,0.279599,0.242323,0.210810,0.209180,0.198268,0.189774,0.182655,0.177605,0.179998,0.178410,0.179001,0.180348,0.179700,0.199358,0.165580,0.165520,0.163493,0.187917,0.168796,0.170439,0.173718
1.670604,0.705675,0.449222,0.362571,0.280007,0.241434,0.235045,0.208617,0.199938,0.189390,0.182207,0.158382,0.179839,0.178506,0.179351,0.181085,0.159888,0.179433,0.164965,0.184750,0.165628,0.186113,0.187064,0.170221,0.196516
1.410579,0.706420,0.449864,0.325700,0.279758,0.242496,0.234806,0.208318,0.221886,0.189783,0.182170,0.178141,0.180325,0.178029,0.178291,0.180447,0.179437,0.178686,0.184801,0.165882,0.166563,0.167551,0.169119,0.189866,0.173322
1.255735,0.708337,0.400938,0.363392,0.279798,0.242289,0.209745,0.207998,0.199393,0.189485,0.203888,0.177674,0.180066,0.177454,0.178923,0.179405,0.159631,0.179944,0.184703,0.166426,0.185801,0.168140,0.188436,0.191307,0.197670
1.384209,0.635363,0.448304,0.327356,0.278938,0.241414,0.233899,0.208032,0.198329,0.189889,0.183325,0.177593,0.180848,0.178220,0.179019,0.159751,0.179583,0.159170,0.184994,0.165319,0.165075,0.187519,0.189170,0.190894,0.195115
1.217469,0.636180,0.449086,0.326397,0.280295,0.215424,0.234561,0.207451,0.222268,0.189178,0.183059,0.178691,0.180126,0.178293,0.179515,0.179850,0.159093,0.176781,0.185604,0.162567,0.165406,0.187801,0.189069,0.169999,0.173830
1.342539,0.635690,0.448951,0.362017,0.279887,0.241288,0.209661,0.208379,0.221253,0.188775,0.182598,0.177667,0.179802,0.178787,0.179085,0.159355,0.178887,0.159543,0.185319,0.164584,0.185201,0.187620,0.168848,0.189510,0.174652
1.484899,0.634151,0.401218,0.325499,0.279545,0.215130,0.209570,0.207589,0.198482,0.189590,0.182789,0.178822,0.179986,0.180305,0.179212,0.180789,0.179024,0.178448,0.165242,0.165879,0.166357,0.165509,0.188430,0.168209,0.196327
1.382670,0.633774,0.447327,0.326718,0.279916,0.241401,0.234919,0.208016,0.199172,0.189123,0.183297,0.177688,0.180054,0.178629,0.179208,0.160604,0.179001,0.178634,0.184864,0.164945,0.185593,0.167452,0.189337,0.190683,0.175626
1.523462,0.637809,0.400524,0.325343,0.280719,0.215128,0.234870,0.208561,0.199753,0.190019,0.182667,0.177807,0.179990,0.178946,0.177456,0.179941,0.160034,0.159206,0.185080,0.185212,0.185409,0.167171,0.189339,0.190321,0.174010
1.409936,0.635558,0.448430,0.325645,0.280240,0.214446,0.210943,0.208455,0.199323,0.190101,0.181773,0.177915,0.177859,0.178812,0.159203,0.179602,0.159766,0.159621,0.184865,0.165550,0.165214,0.188118,0.189174,0.169552,0.175864
1.261680,0.703900,0.448929,0.325674,0.279600,0.241467,0.209573,0.232105,0.198385,0.189823,0.182556,0.158629,0.180450,0.178492,0.178609,0.179933,0.177875,0.178456,0.182761,0.165232,0.185902,0.168740,0.189378,0.191118,0.173256
1.382876,0.708519,0.448800,0.325810,0.279169,0.242324,0.209938,0.232758,0.221445,0.189827,0.203655,0.178601,0.180102,0.178513,0.178790,0.160102,0.160092,0.178436,0.185741,0.184802,0.184002,0.186968,0.189475,0.191442,0.195953
1.341845,0.635833,0.400606,0.325507,0.312147,0.241023,0.235628,0.233649,0.199375,0.189716,0.182931,0.178688,0.180363,0.179210,0.159179,0.160359,0.178567,0.179153,0.165013,0.185468,0.184170,0.167871,0.166827,0.169475,0.174886
1.342210,0.776595,0.401309,0.325972,0.280228,0.241478,0.209671,0.232502,0.222714,0.190051,0.183236,0.158511,0.180576,0.179415,0.198910,0.180633,0.159703,0.159148,0.166081,0.165249,0.166647,0.167796,0.168329,0.190822,0.198162
1.487394,0.635973,0.399938,0.326616,0.247751,0.215468,0.209720,0.208221,0.221979,0.167781,0.182778,0.178454,0.179336,0.178701,0.159639,0.181133,0.179168,0.158870,0.185478,0.184892,0.165934,0.189186,0.168913,0.169947,0.175180
1.381290,0.707140,0.446845,0.325527,0.312251,0.241577,0.209608,0.208487,0.221950,0.189606,0.182726,0.196329,0.179874,0.177073,0.179145,0.179106,0.178982,0.178718,0.165750,0.164974,0.186176,0.187614,0.168925,0.170057,0.173294
1.519880,0.634447,0.449997,0.324924,0.279778,0.215336,0.234376,0.232372,0.198965,0.189503,0.182624,0.158024,0.180353,0.159810,0.178665,0.160556,0.179416,0.178205,0.165261,0.165384,0.165658,0.168344,0.189479,0.169739,0.196468
1.278644,0.635614,0.449133,0.326224,0.279819,0.241292,0.235196,0.209349,0.198482,0.188666,0.182506,0.177831,0.180637,0.178615,0.178496,0.180041,0.179292,0.158526,0.165614,0.182825,0.186351,0.187059,0.188509,0.171117,0.196978
1.389802,0.639903,0.449471,0.324707,0.309765,0.240567,0.233855,0.208745,0.199649,0.189543,0.182483,0.177748,0.179853,0.179084,0.179562,0.179905,0.160407,0.178664,0.185949,0.165404,0.165721,0.165357,0.168908,0.188741,0.173396
1.385014,0.636035,0.400559,0.324729,0.279741,0.240279,0.235077,0.208258,0.198744,0.211965,0.182383,0.177509,0.179534,0.178585,0.178676,0.180125,0.179320,0.179345,0.185461,0.165343,0.167105,0.167919,0.188832,0.190837,0.197595
#Run ppf3 with KS
# 10,7.13136,7.80118,6.99191,7.22992,6.99487,7.55363,6.9482,7.8231,7.2385,7.86118,7.18785,7.52467,7.04304,7.522,6.83789,8.17384,6.98901,8.06266,7.49957,7.55018,7.04016,7.84098,7.09077,8.0278,7.25998,8.07462,7.20439,7.55328,7.01354,7.58108,6.93989
# 20,3.30292,3.30209,3.29169,3.39261,3.39157,3.31071,3.37323,3.47218,3.47339,3.38883,3.3871,3.30967,3.31795,3.21548,3.31571,3.21794,3.37937,3.2962,3.45995,3.2977,3.45584,3.46012,3.40981,3.38093,3.44025,3.39601,3.24188,3.3903,3.37652,3.32141,3.28564
# 30,2.00778,1.95708,2.01611,2.00352,1.99519,2.04791,1.99403,1.95256,1.95913,2.04868,1.89281,1.94519,1.94175,1.94322,2.09578,1.94839,1.99324,2.05643,1.9526,1.99645,1.99501,1.93878,1.94401,2.01353,2.04312,1.94728,1.93973,1.99555,1.94678,1.94373,2.09777
# 40,1.45578,1.50784,1.40772,1.42397,1.40907,1.38345,1.49846,1.50024,1.4205,1.45605,1.42032,1.53205,1.40579,1.3805,1.41879,1.462,1.41347,1.45483,1.48866,1.41104,1.41328,1.37633,1.42185,1.4188,1.37675,1.45593,1.41105,1.45784,1.3783,1.57459,1.41485
# 50,1.1088,1.07432,1.07718,1.07732,1.13913,1.17942,1.11004,1.1322,1.17024,1.11294,1.07535,1.14371,1.10638,1.10615,1.13985,1.0812,1.07732,1.07293,1.14255,1.14335,1.14264,1.08039,1.11243,1.07918,1.07694,1.07497,1.08089,1.13767,1.1374,1.04702,1.14001
# 60,0.910192,0.907888,0.907929,0.880548,0.875557,0.907331,0.852111,0.883177,0.885903,0.87588,0.883594,0.940684,0.880478,0.882475,0.829736,0.885095,0.857521,0.934151,0.937094,0.876943,0.884504,0.912057,0.881959,0.90496,0.883565,0.879737,0.888793,0.906716,0.880046,0.881914,0.853851
# 70,0.785979,0.78888,0.73863,0.717786,0.763399,0.786305,0.766534,0.785534,0.760068,0.809932,0.762747,0.762732,0.785485,0.807217,0.736998,0.75604,0.733579,0.7384,0.740605,0.764325,0.764462,0.766722,0.766784,0.759085,0.810021,0.760857,0.785246,0.737465,0.783459,0.741884,0.73916
# 80,0.709392,0.667616,0.688138,0.667816,0.709166,0.734163,0.666566,0.643378,0.668596,0.711707,0.666072,0.687257,0.66719,0.687235,0.66809,0.666215,0.707592,0.667774,0.709192,0.708991,0.690599,0.685103,0.689922,0.686256,0.707877,0.688446,0.705811,0.665016,0.664493,0.688254,0.666935
# 90,0.644945,0.60473,0.606671,0.604462,0.608872,0.665614,0.664711,0.644882,0.608155,0.643154,0.621704,0.646771,0.608824,0.586052,0.607766,0.585313,0.646789,0.5875,0.669596,0.604783,0.585957,0.672303,0.605238,0.631785,0.645994,0.624166,0.626512,0.646985,0.630338,0.60432,0.603651
# 100,0.557373,0.555353,0.538001,0.554817,0.536757,0.59216,0.576615,0.556102,0.537238,0.587272,0.559069,0.556224,0.536635,0.575437,0.575529,0.608446,0.572476,0.554763,0.572914,0.556113,0.557077,0.554598,0.558203,0.538886,0.574118,0.553573,0.576043,0.557568,0.593504,0.555021,0.5937
# 110,0.492573,0.477358,0.51071,0.49002,0.491962,0.49219,0.508643,0.508699,0.492348,0.474755,0.47649,0.508699,0.478858,0.526182,0.492916,0.491418,0.507538,0.475694,0.476053,0.509348,0.492458,0.495077,0.490423,0.525255,0.508183,0.508288,0.507802,0.508709,0.494242,0.525821,0.47556
# 120,0.459332,0.442593,0.42746,0.442992,0.455854,0.457782,0.4433,0.445151,0.428211,0.471456,0.445113,0.444532,0.458981,0.474398,0.457467,0.428427,0.476406,0.475139,0.474602,0.455637,0.457429,0.444813,0.458447,0.44392,0.474755,0.458564,0.443955,0.459535,0.47149,0.4427,0.429307
# 130,0.422472,0.408797,0.42741,0.40883,0.437887,0.437499,0.410725,0.42575,0.410756,0.438133,0.41228,0.451896,0.409559,0.422181,0.409023,0.423086,0.421306,0.423398,0.436038,0.423494,0.394698,0.411124,0.408662,0.421547,0.410035,0.450486,0.408292,0.407973,0.439067,0.424776,0.422613
# 140,0.402265,0.403059,0.40478,0.404313,0.402063,0.401642,0.431699,0.389308,0.404111,0.418,0.388007,0.416729,0.403203,0.404455,0.405312,0.403519,0.440779,0.418424,0.391156,0.389008,0.401605,0.379794,0.415404,0.416893,0.416574,0.405321,0.377621,0.400937,0.39119,0.390903,0.390261
# 150,0.397622,0.385171,0.381036,0.382992,0.371306,0.372053,0.357478,0.384644,0.37105,0.383325,0.37202,0.38363,0.358492,0.419999,0.355637,0.408221,0.372773,0.383221,0.37057,0.382986,0.393488,0.385586,0.383157,0.371108,0.3833,0.357322,0.394805,0.369126,0.358086,0.383686,0.385142
# 160,0.3795,0.366486,0.357599,0.367988,0.344816,0.345584,0.343991,0.355837,0.359642,0.366394,0.345599,0.368636,0.356854,0.355409,0.333569,0.355676,0.356478,0.357102,0.357149,0.370195,0.343902,0.35799,0.379571,0.34685,0.332663,0.366901,0.343704,0.357101,0.365797,0.36681,0.392402
# 170,0.310819,0.344655,0.331156,0.331063,0.353755,0.331169,0.318446,0.342794,0.341098,0.342204,0.353639,0.319607,0.320206,0.343375,0.353788,0.341435,0.34425,0.342906,0.32019,0.342453,0.343296,0.330863,0.332075,0.353295,0.342631,0.33056,0.307599,0.343857,0.328787,0.343467,0.319331
# 180,0.333173,0.323544,0.321662,0.313652,0.353902,0.333289,0.332347,0.323318,0.312126,0.345372,0.333408,0.322139,0.322752,0.311328,0.345096,0.322168,0.331615,0.34152,0.344779,0.311149,0.320941,0.322118,0.322976,0.334812,0.331949,0.333094,0.3559,0.323604,0.332874,0.310502,0.312096
# 190,0.309125,0.306543,0.329162,0.304492,0.326754,0.304407,0.304531,0.325396,0.306143,0.325951,0.327369,0.295285,0.335786,0.317358,0.314988,0.317187,0.30483,0.295339,0.304577,0.335853,0.33597,0.314814,0.304848,0.316741,0.305398,0.316109,0.326362,0.315003,0.314924,0.316765,0.315923
# 200,0.31897,0.307508,0.307323,0.300237,0.309299,0.318685,0.298953,0.299154,0.287425,0.309394,0.296481,0.306898,0.304525,0.31821,0.296456,0.308355,0.308204,0.287672,0.307464,0.307532,0.277565,0.328382,0.327004,0.297634,0.307384,0.286119,0.306413,0.284574,0.308001,0.306657,0.297357
# 210,0.309003,0.288078,0.280259,0.287144,0.300022,0.278891,0.319025,0.289153,0.27859,0.288852,0.298525,0.278737,0.289338,0.280017,0.290183,0.28007,0.300323,0.279336,0.289086,0.278418,0.289263,0.289809,0.290239,0.299754,0.279313,0.289113,0.269962,0.27729,0.298092,0.288677,0.278983
# 220,0.273881,0.28271,0.262393,0.271437,0.272153,0.28099,0.271555,0.271147,0.270973,0.291582,0.282238,0.273193,0.290734,0.298399,0.28954,0.28054,0.281771,0.272353,0.271075,0.280587,0.271881,0.270131,0.282128,0.273266,0.279893,0.291446,0.290156,0.281543,0.261177,0.287815,0.279991
# 230,0.266935,0.285309,0.275378,0.256638,0.256701,0.293464,0.291578,0.266038,0.275726,0.257611,0.283294,0.274611,0.265563,0.256971,0.262924,0.283633,0.283856,0.265751,0.275956,0.275927,0.275366,0.284047,0.293279,0.274849,0.275226,0.265916,0.258037,0.274808,0.282844,0.265644,0.282986
# 240,0.268679,0.268841,0.280313,0.26981,0.260621,0.270955,0.250439,0.251656,0.257422,0.259333,0.269448,0.269103,0.262118,0.286036,0.269341,0.262155,0.269122,0.277486,0.269554,0.271283,0.251941,0.251942,0.260222,0.268056,0.270176,0.258714,0.260726,0.267925,0.251841,0.277762,0.260475
# 250,0.344191,0.303435,0.300724,0.281595,0.289791,0.288397,0.291156,0.284193,0.279854,0.289958,0.293435,0.2917,0.269782,0.302671,0.293952,0.292873,0.290982,0.299734,0.292942,0.300811,0.290674,0.292981,0.279603,0.291986,0.295411,0.276206,0.323223,0.281512,0.314671,0.291809,0.303851
TimeStamp,GraphName,NumVertices,NumEdges,Algorithm
2016-12-11_003152,coPaperDBLP,1080972,15245729,ppf3_KS
Duration,NumThreads,Algorithm
10,20,30,40,50,60,70,80,90,100,110,120,130,140,150,160,170,180,190,200,210,220,230,240,250
7.131355,3.302917,2.007776,1.455778,1.108803,0.910192,0.785979,0.709392,0.644945,0.557373,0.492573,0.459332,0.422472,0.402265,0.397622,0.379500,0.310819,0.333173,0.309125,0.318970,0.309003,0.273881,0.266935,0.268679,0.344191
7.801185,3.302090,1.957079,1.507835,1.074319,0.907888,0.788880,0.667616,0.604730,0.555353,0.477358,0.442593,0.408797,0.403059,0.385171,0.366486,0.344655,0.323544,0.306543,0.307508,0.288078,0.282710,0.285309,0.268841,0.303435
6.991911,3.291692,2.016114,1.407717,1.077181,0.907929,0.738630,0.688138,0.606671,0.538001,0.510710,0.427460,0.427410,0.404780,0.381036,0.357599,0.331156,0.321662,0.329162,0.307323,0.280259,0.262393,0.275378,0.280313,0.300724
7.229923,3.392615,2.003518,1.423969,1.077322,0.880548,0.717786,0.667816,0.604462,0.554817,0.490020,0.442992,0.408830,0.404313,0.382992,0.367988,0.331063,0.313652,0.304492,0.300237,0.287144,0.271437,0.256638,0.269810,0.281595
6.994866,3.391567,1.995188,1.409066,1.139127,0.875557,0.763399,0.709166,0.608872,0.536757,0.491962,0.455854,0.437887,0.402063,0.371306,0.344816,0.353755,0.353902,0.326754,0.309299,0.300022,0.272153,0.256701,0.260621,0.289791
7.553627,3.310713,2.047910,1.383445,1.179423,0.907331,0.786305,0.734163,0.665614,0.592160,0.492190,0.457782,0.437499,0.401642,0.372053,0.345584,0.331169,0.333289,0.304407,0.318685,0.278891,0.280990,0.293464,0.270955,0.288397
6.948203,3.373228,1.994027,1.498456,1.110037,0.852111,0.766534,0.666566,0.664711,0.576615,0.508643,0.443300,0.410725,0.431699,0.357478,0.343991,0.318446,0.332347,0.304531,0.298953,0.319025,0.271555,0.291578,0.250439,0.291156
7.823104,3.472176,1.952562,1.500241,1.132202,0.883177,0.785534,0.643378,0.644882,0.556102,0.508699,0.445151,0.425750,0.389308,0.384644,0.355837,0.342794,0.323318,0.325396,0.299154,0.289153,0.271147,0.266038,0.251656,0.284193
7.238497,3.473387,1.959134,1.420499,1.170239,0.885903,0.760068,0.668596,0.608155,0.537238,0.492348,0.428211,0.410756,0.404111,0.371050,0.359642,0.341098,0.312126,0.306143,0.287425,0.278590,0.270973,0.275726,0.257422,0.279854
7.861184,3.388833,2.048685,1.456047,1.112943,0.875880,0.809932,0.711707,0.643154,0.587272,0.474755,0.471456,0.438133,0.418000,0.383325,0.366394,0.342204,0.345372,0.325951,0.309394,0.288852,0.291582,0.257611,0.259333,0.289958
7.187846,3.387100,1.892807,1.420325,1.075353,0.883594,0.762747,0.666072,0.621704,0.559069,0.476490,0.445113,0.412280,0.388007,0.372020,0.345599,0.353639,0.333408,0.327369,0.296481,0.298525,0.282238,0.283294,0.269448,0.293435
7.524667,3.309669,1.945191,1.532053,1.143715,0.940684,0.762732,0.687257,0.646771,0.556224,0.508699,0.444532,0.451896,0.416729,0.383630,0.368636,0.319607,0.322139,0.295285,0.306898,0.278737,0.273193,0.274611,0.269103,0.291700
7.043037,3.317951,1.941753,1.405785,1.106383,0.880478,0.785485,0.667190,0.608824,0.536635,0.478858,0.458981,0.409559,0.403203,0.358492,0.356854,0.320206,0.322752,0.335786,0.304525,0.289338,0.290734,0.265563,0.262118,0.269782
7.521999,3.215483,1.943215,1.380496,1.106155,0.882475,0.807217,0.687235,0.586052,0.575437,0.526182,0.474398,0.422181,0.404455,0.419999,0.355409,0.343375,0.311328,0.317358,0.318210,0.280017,0.298399,0.256971,0.286036,0.302671
6.837889,3.315714,2.095779,1.418789,1.139847,0.829736,0.736998,0.668090,0.607766,0.575529,0.492916,0.457467,0.409023,0.405312,0.355637,0.333569,0.353788,0.345096,0.314988,0.296456,0.290183,0.289540,0.262924,0.269341,0.293952
8.173838,3.217945,1.948391,1.462005,1.081202,0.885095,0.756040,0.666215,0.585313,0.608446,0.491418,0.428427,0.423086,0.403519,0.408221,0.355676,0.341435,0.322168,0.317187,0.308355,0.280070,0.280540,0.283633,0.262155,0.292873
6.989013,3.379369,1.993244,1.413469,1.077325,0.857521,0.733579,0.707592,0.646789,0.572476,0.507538,0.476406,0.421306,0.440779,0.372773,0.356478,0.344250,0.331615,0.304830,0.308204,0.300323,0.281771,0.283856,0.269122,0.290982
8.062660,3.296196,2.056426,1.454831,1.072929,0.934151,0.738400,0.667774,0.587500,0.554763,0.475694,0.475139,0.423398,0.418424,0.383221,0.357102,0.342906,0.341520,0.295339,0.287672,0.279336,0.272353,0.265751,0.277486,0.299734
7.499572,3.459945,1.952600,1.488658,1.142546,0.937094,0.740605,0.709192,0.669596,0.572914,0.476053,0.474602,0.436038,0.391156,0.370570,0.357149,0.320190,0.344779,0.304577,0.307464,0.289086,0.271075,0.275956,0.269554,0.292942
7.550178,3.297704,1.996448,1.411044,1.143351,0.876943,0.764325,0.708991,0.604783,0.556113,0.509348,0.455637,0.423494,0.389008,0.382986,0.370195,0.342453,0.311149,0.335853,0.307532,0.278418,0.280587,0.275927,0.271283,0.300811
7.040157,3.455845,1.995014,1.413279,1.142638,0.884504,0.764462,0.690599,0.585957,0.557077,0.492458,0.457429,0.394698,0.401605,0.393488,0.343902,0.343296,0.320941,0.335970,0.277565,0.289263,0.271881,0.275366,0.251941,0.290674
7.840978,3.460123,1.938782,1.376329,1.080389,0.912057,0.766722,0.685103,0.672303,0.554598,0.495077,0.444813,0.411124,0.379794,0.385586,0.357990,0.330863,0.322118,0.314814,0.328382,0.289809,0.270131,0.284047,0.251942,0.292981
7.090773,3.409806,1.944011,1.421849,1.112428,0.881959,0.766784,0.689922,0.605238,0.558203,0.490423,0.458447,0.408662,0.415404,0.383157,0.379571,0.332075,0.322976,0.304848,0.327004,0.290239,0.282128,0.293279,0.260222,0.279603
8.027802,3.380933,2.013529,1.418803,1.079183,0.904960,0.759085,0.686256,0.631785,0.538886,0.525255,0.443920,0.421547,0.416893,0.371108,0.346850,0.353295,0.334812,0.316741,0.297634,0.299754,0.273266,0.274849,0.268056,0.291986
7.259983,3.440251,2.043121,1.376748,1.076943,0.883565,0.810021,0.707877,0.645994,0.574118,0.508183,0.474755,0.410035,0.416574,0.383300,0.332663,0.342631,0.331949,0.305398,0.307384,0.279313,0.279893,0.275226,0.270176,0.295411
8.074618,3.396012,1.947279,1.455930,1.074966,0.879737,0.760857,0.688446,0.624166,0.553573,0.508288,0.458564,0.450486,0.405321,0.357322,0.366901,0.330560,0.333094,0.316109,0.286119,0.289113,0.291446,0.265916,0.258714,0.276206
7.204390,3.241875,1.939726,1.411047,1.080894,0.888793,0.785246,0.705811,0.626512,0.576043,0.507802,0.443955,0.408292,0.377621,0.394805,0.343704,0.307599,0.355900,0.326362,0.306413,0.269962,0.290156,0.258037,0.260726,0.323223
7.553282,3.390299,1.995550,1.457842,1.137673,0.906716,0.737465,0.665016,0.646985,0.557568,0.508709,0.459535,0.407973,0.400937,0.369126,0.357101,0.343857,0.323604,0.315003,0.284574,0.277290,0.281543,0.274808,0.267925,0.281512
7.013535,3.376519,1.946780,1.378301,1.137397,0.880046,0.783459,0.664493,0.630338,0.593504,0.494242,0.471490,0.439067,0.391190,0.358086,0.365797,0.328787,0.332874,0.314924,0.308001,0.298092,0.261177,0.282844,0.251841,0.314671
7.581084,3.321407,1.943729,1.574586,1.047023,0.881914,0.741884,0.688254,0.604320,0.555021,0.525821,0.442700,0.424776,0.390903,0.383686,0.366810,0.343467,0.310502,0.316765,0.306657,0.288677,0.287815,0.265644,0.277762,0.291809
6.939891,3.285642,2.097769,1.414853,1.140013,0.853851,0.739160,0.666935,0.603651,0.593700,0.475560,0.429307,0.422613,0.390261,0.385142,0.392402,0.319331,0.312096,0.315923,0.297357,0.278983,0.279991,0.282986,0.260475,0.303851
#Run ppf3 with Greedy
# 10,1.52384,1.43499,1.37326,1.49238,1.48098,1.32269,1.43698,1.41878,1.3831,1.44229,1.3769,1.50759,1.34749,1.46983,1.31101,1.42871,1.68386,1.44721,1.2484,1.50922,1.49327,1.33544,1.44628,1.42685,1.53877,1.44791,1.25363,1.50917,1.63711,1.47524,1.45028
# 20,0.708954,0.637465,0.639022,0.70793,0.708485,0.708168,0.639156,0.639898,0.71202,0.709298,0.568666,0.641326,0.709171,0.638612,0.639463,0.640998,0.638004,0.64132,0.710722,0.713082,0.641558,0.640465,0.711945,0.638589,0.642221,0.639709,0.643224,0.643894,0.64197,0.641464,0.642427
# 30,0.443984,0.443287,0.442703,0.394785,0.441408,0.394679,0.443418,0.395142,0.396103,0.445335,0.396043,0.444285,0.443267,0.488341,0.396139,0.443046,0.442454,0.44341,0.44415,0.396074,0.443043,0.397865,0.3963,0.44418,0.444737,0.441525,0.444212,0.442931,0.396693,0.395509,0.443869
# 40,0.319047,0.352017,0.316616,0.316518,0.31736,0.316909,0.317693,0.353832,0.317542,0.353604,0.353254,0.317915,0.318812,0.317136,0.352216,0.316714,0.352031,0.317462,0.317034,0.316501,0.317137,0.316823,0.316347,0.352214,0.318188,0.354484,0.318522,0.317771,0.317014,0.31691,0.317165
# 50,0.27076,0.268839,0.268827,0.269346,0.267491,0.269497,0.268483,0.269962,0.269247,0.268822,0.269226,0.268256,0.268251,0.269479,0.269684,0.267623,0.269802,0.269324,0.268989,0.268493,0.298075,0.268587,0.26813,0.26968,0.268703,0.269824,0.269017,0.269455,0.269568,0.269348,0.268163
# 60,0.229945,0.229163,0.229013,0.229105,0.228868,0.206287,0.229149,0.228677,0.22845,0.229049,0.229046,0.229757,0.229169,0.229601,0.229569,0.230012,0.229256,0.204832,0.22876,0.205993,0.228051,0.20497,0.230038,0.204604,0.229238,0.229242,0.229875,0.205494,0.229243,0.229329,0.229073
# 70,0.190614,0.212386,0.21327,0.191528,0.213899,0.213656,0.212175,0.21247,0.191524,0.212872,0.212678,0.212622,0.1917,0.191695,0.191559,0.191444,0.191549,0.212396,0.191172,0.191695,0.21351,0.191957,0.192515,0.191218,0.191739,0.191665,0.191858,0.212945,0.191327,0.190747,0.191625
# 80,0.186316,0.186763,0.18616,0.20645,0.186325,0.185836,0.185946,0.185506,0.186242,0.185675,0.206984,0.186263,0.186108,0.206935,0.205591,0.206446,0.186748,0.186277,0.186055,0.184964,0.186899,0.185515,0.185951,0.186793,0.185986,0.18688,0.185756,0.186422,0.207286,0.185811,0.186005
# 90,0.193135,0.173085,0.191438,0.192065,0.173399,0.173937,0.17427,0.174405,0.173528,0.173563,0.17397,0.173217,0.173719,0.191958,0.173682,0.192338,0.174075,0.173693,0.174024,0.174139,0.192232,0.173829,0.174144,0.17343,0.173302,0.174041,0.172956,0.17368,0.192186,0.173651,0.174168
# 100,0.162436,0.162042,0.162204,0.178447,0.161691,0.162753,0.162015,0.161694,0.161007,0.161809,0.161862,0.161416,0.162652,0.162269,0.161992,0.161941,0.161362,0.162753,0.161982,0.161893,0.161995,0.161993,0.16149,0.16265,0.161967,0.162334,0.161583,0.162681,0.161392,0.162332,0.178167
# 110,0.167299,0.15173,0.152511,0.151943,0.152143,0.152158,0.152852,0.152011,0.167379,0.152934,0.152289,0.152302,0.152188,0.152434,0.152557,0.152294,0.167376,0.167159,0.1514,0.15166,0.152687,0.15217,0.152596,0.166785,0.152133,0.152274,0.152043,0.152637,0.152626,0.152243,0.15224
# 120,0.146143,0.144786,0.144741,0.145455,0.145058,0.146226,0.146126,0.14502,0.145633,0.145152,0.145838,0.145343,0.145409,0.14499,0.145123,0.145055,0.159296,0.145161,0.145328,0.144891,0.145949,0.145349,0.14596,0.145391,0.14683,0.146287,0.146065,0.145501,0.145772,0.146182,0.145488
# 130,0.14097,0.142707,0.143972,0.144413,0.144358,0.144854,0.144328,0.144015,0.144114,0.145023,0.144494,0.144509,0.144428,0.144284,0.143804,0.142858,0.142847,0.144055,0.145004,0.144265,0.144185,0.130962,0.144223,0.14437,0.131502,0.144454,0.144325,0.144452,0.144183,0.144192,0.144603
# 140,0.139886,0.127863,0.139838,0.140014,0.14009,0.140062,0.139974,0.140626,0.127958,0.139743,0.140209,0.139621,0.140539,0.139799,0.140198,0.138463,0.138359,0.140391,0.151808,0.140433,0.139841,0.140397,0.139842,0.140051,0.140016,0.127694,0.13988,0.140113,0.139324,0.140152,0.139487
# 150,0.135289,0.136383,0.136476,0.136499,0.124816,0.136628,0.136193,0.13669,0.136412,0.124972,0.136116,0.124649,0.136564,0.136077,0.13654,0.13648,0.123378,0.136733,0.136789,0.136759,0.136111,0.136545,0.136078,0.124612,0.136569,0.136326,0.136469,0.136246,0.125024,0.13614,0.148124
# 160,0.134855,0.132592,0.121992,0.133616,0.122889,0.133121,0.133975,0.133976,0.134637,0.134063,0.123201,0.134226,0.134151,0.134283,0.133663,0.122632,0.13437,0.131933,0.132501,0.134392,0.133503,0.122488,0.134807,0.133931,0.145128,0.123079,0.122585,0.133377,0.133455,0.134355,0.134386
# 170,0.141128,0.12974,0.117868,0.127733,0.119336,0.129196,0.130074,0.129611,0.130072,0.129874,0.129748,0.129586,0.130133,0.119268,0.119,0.11908,0.129651,0.129758,0.130276,0.128385,0.128573,0.129603,0.129911,0.129929,0.119096,0.129385,0.129268,0.129688,0.129792,0.119051,0.129211
# 180,0.117263,0.126569,0.116279,0.126954,0.116231,0.115252,0.115057,0.126625,0.126516,0.126246,0.126763,0.127013,0.126755,0.126221,0.125816,0.116874,0.126183,0.116721,0.11632,0.126113,0.126205,0.126537,0.125728,0.124792,0.126256,0.116434,0.126639,0.116032,0.126167,0.126393,0.116576
# 190,0.115732,0.129971,0.11973,0.119859,0.129652,0.129325,0.119605,0.129861,0.130436,0.12752,0.118247,0.120185,0.129714,0.129543,0.129939,0.129339,0.129877,0.121195,0.120143,0.129631,0.119709,0.129702,0.129645,0.129332,0.119805,0.129463,0.12721,0.117921,0.120018,0.12964,0.128939
# 200,0.128577,0.128189,0.11771,0.12693,0.127273,0.118113,0.126497,0.117921,0.127112,0.118083,0.11799,0.117723,0.125297,0.115382,0.117704,0.127135,0.117454,0.127548,0.118135,0.118095,0.126783,0.127335,0.118355,0.127102,0.127198,0.117963,0.118214,0.118082,0.117669,0.117723,0.124344
# 210,0.12454,0.125451,0.116131,0.116399,0.116166,0.116106,0.116085,0.115802,0.115841,0.124772,0.115918,0.116329,0.115981,0.125615,0.124979,0.124806,0.115879,0.11386,0.11343,0.125201,0.124853,0.115858,0.124777,0.125498,0.125509,0.116293,0.125172,0.116279,0.116595,0.116223,0.116198
# 220,0.116188,0.114838,0.115104,0.123724,0.122371,0.112575,0.11494,0.123804,0.114889,0.123682,0.114916,0.114862,0.115098,0.115079,0.114996,0.115063,0.123323,0.123363,0.115227,0.114973,0.123548,0.12371,0.114501,0.112458,0.121232,0.123568,0.114705,0.123991,0.123201,0.114956,0.11448
# 230,0.11445,0.121326,0.113487,0.113663,0.121881,0.113667,0.121951,0.121913,0.121581,0.113515,0.112031,0.119134,0.121751,0.113455,0.113189,0.113489,0.113203,0.121741,0.113378,0.122015,0.121789,0.12148,0.122058,0.113748,0.121295,0.121439,0.113642,0.113149,0.122088,0.118855,0.121292
# 240,0.113818,0.112285,0.112725,0.120689,0.112745,0.128924,0.120485,0.120658,0.120464,0.112248,0.112198,0.111999,0.112312,0.112487,0.112241,0.112145,0.110727,0.117881,0.112349,0.12033,0.120245,0.11255,0.120258,0.112377,0.120247,0.111968,0.120424,0.112407,0.112435,0.112487,0.120178
# 250,0.149544,0.121356,0.117934,0.127184,0.118031,0.117531,0.120119,0.119216,0.118528,0.128909,0.118732,0.121121,0.130162,0.119576,0.129103,0.118556,0.116679,0.12791,0.11953,0.119945,0.119372,0.117035,0.118268,0.129276,0.117142,0.128301,0.127738,0.118451,0.129288,0.119068,0.120699
TimeStamp,GraphName,NumVertices,NumEdges,Algorithm
2016-12-11_004424,coPaperDBLP,1080972,15245729,ppf3_Greedy
Duration,NumThreads,Algorithm
10,20,30,40,50,60,70,80,90,100,110,120,130,140,150,160,170,180,190,200,210,220,230,240,250
1.523840,0.708954,0.443984,0.319047,0.270760,0.229945,0.190614,0.186316,0.193135,0.162436,0.167299,0.146143,0.140970,0.139886,0.135289,0.134855,0.141128,0.117263,0.115732,0.128577,0.124540,0.116188,0.114450,0.113818,0.149544
1.434993,0.637465,0.443287,0.352017,0.268839,0.229163,0.212386,0.186763,0.173085,0.162042,0.151730,0.144786,0.142707,0.127863,0.136383,0.132592,0.129740,0.126569,0.129971,0.128189,0.125451,0.114838,0.121326,0.112285,0.121356
1.373261,0.639022,0.442703,0.316616,0.268827,0.229013,0.213270,0.186160,0.191438,0.162204,0.152511,0.144741,0.143972,0.139838,0.136476,0.121992,0.117868,0.116279,0.119730,0.117710,0.116131,0.115104,0.113487,0.112725,0.117934
1.492377,0.707930,0.394785,0.316518,0.269346,0.229105,0.191528,0.206450,0.192065,0.178447,0.151943,0.145455,0.144413,0.140014,0.136499,0.133616,0.127733,0.126954,0.119859,0.126930,0.116399,0.123724,0.113663,0.120689,0.127184
1.480983,0.708485,0.441408,0.317360,0.267491,0.228868,0.213899,0.186325,0.173399,0.161691,0.152143,0.145058,0.144358,0.140090,0.124816,0.122889,0.119336,0.116231,0.129652,0.127273,0.116166,0.122371,0.121881,0.112745,0.118031
1.322689,0.708168,0.394679,0.316909,0.269497,0.206287,0.213656,0.185836,0.173937,0.162753,0.152158,0.146226,0.144854,0.140062,0.136628,0.133121,0.129196,0.115252,0.129325,0.118113,0.116106,0.112575,0.113667,0.128924,0.117531
1.436977,0.639156,0.443418,0.317693,0.268483,0.229149,0.212175,0.185946,0.174270,0.162015,0.152852,0.146126,0.144328,0.139974,0.136193,0.133975,0.130074,0.115057,0.119605,0.126497,0.116085,0.114940,0.121951,0.120485,0.120119
1.418776,0.639898,0.395142,0.353832,0.269962,0.228677,0.212470,0.185506,0.174405,0.161694,0.152011,0.145020,0.144015,0.140626,0.136690,0.133976,0.129611,0.126625,0.129861,0.117921,0.115802,0.123804,0.121913,0.120658,0.119216
1.383103,0.712020,0.396103,0.317542,0.269247,0.228450,0.191524,0.186242,0.173528,0.161007,0.167379,0.145633,0.144114,0.127958,0.136412,0.134637,0.130072,0.126516,0.130436,0.127112,0.115841,0.114889,0.121581,0.120464,0.118528
1.442289,0.709298,0.445335,0.353604,0.268822,0.229049,0.212872,0.185675,0.173563,0.161809,0.152934,0.145152,0.145023,0.139743,0.124972,0.134063,0.129874,0.126246,0.127520,0.118083,0.124772,0.123682,0.113515,0.112248,0.128909
1.376900,0.568666,0.396043,0.353254,0.269226,0.229046,0.212678,0.206984,0.173970,0.161862,0.152289,0.145838,0.144494,0.140209,0.136116,0.123201,0.129748,0.126763,0.118247,0.117990,0.115918,0.114916,0.112031,0.112198,0.118732
1.507593,0.641326,0.444285,0.317915,0.268256,0.229757,0.212622,0.186263,0.173217,0.161416,0.152302,0.145343,0.144509,0.139621,0.124649,0.134226,0.129586,0.127013,0.120185,0.117723,0.116329,0.114862,0.119134,0.111999,0.121121
1.347494,0.709171,0.443267,0.318812,0.268251,0.229169,0.191700,0.186108,0.173719,0.162652,0.152188,0.145409,0.144428,0.140539,0.136564,0.134151,0.130133,0.126755,0.129714,0.125297,0.115981,0.115098,0.121751,0.112312,0.130162
1.469834,0.638612,0.488341,0.317136,0.269479,0.229601,0.191695,0.206935,0.191958,0.162269,0.152434,0.144990,0.144284,0.139799,0.136077,0.134283,0.119268,0.126221,0.129543,0.115382,0.125615,0.115079,0.113455,0.112487,0.119576
1.311006,0.639463,0.396139,0.352216,0.269684,0.229569,0.191559,0.205591,0.173682,0.161992,0.152557,0.145123,0.143804,0.140198,0.136540,0.133663,0.119000,0.125816,0.129939,0.117704,0.124979,0.114996,0.113189,0.112241,0.129103
1.428715,0.640998,0.443046,0.316714,0.267623,0.230012,0.191444,0.206446,0.192338,0.161941,0.152294,0.145055,0.142858,0.138463,0.136480,0.122632,0.119080,0.116874,0.129339,0.127135,0.124806,0.115063,0.113489,0.112145,0.118556
1.683856,0.638004,0.442454,0.352031,0.269802,0.229256,0.191549,0.186748,0.174075,0.161362,0.167376,0.159296,0.142847,0.138359,0.123378,0.134370,0.129651,0.126183,0.129877,0.117454,0.115879,0.123323,0.113203,0.110727,0.116679
1.447209,0.641320,0.443410,0.317462,0.269324,0.204832,0.212396,0.186277,0.173693,0.162753,0.167159,0.145161,0.144055,0.140391,0.136733,0.131933,0.129758,0.116721,0.121195,0.127548,0.113860,0.123363,0.121741,0.117881,0.127910
1.248403,0.710722,0.444150,0.317034,0.268989,0.228760,0.191172,0.186055,0.174024,0.161982,0.151400,0.145328,0.145004,0.151808,0.136789,0.132501,0.130276,0.116320,0.120143,0.118135,0.113430,0.115227,0.113378,0.112349,0.119530
1.509217,0.713082,0.396074,0.316501,0.268493,0.205993,0.191695,0.184964,0.174139,0.161893,0.151660,0.144891,0.144265,0.140433,0.136759,0.134392,0.128385,0.126113,0.129631,0.118095,0.125201,0.114973,0.122015,0.120330,0.119945
1.493266,0.641558,0.443043,0.317137,0.298075,0.228051,0.213510,0.186899,0.192232,0.161995,0.152687,0.145949,0.144185,0.139841,0.136111,0.133503,0.128573,0.126205,0.119709,0.126783,0.124853,0.123548,0.121789,0.120245,0.119372
1.335436,0.640465,0.397865,0.316823,0.268587,0.204970,0.191957,0.185515,0.173829,0.161993,0.152170,0.145349,0.130962,0.140397,0.136545,0.122488,0.129603,0.126537,0.129702,0.127335,0.115858,0.123710,0.121480,0.112550,0.117035
1.446285,0.711945,0.396300,0.316347,0.268130,0.230038,0.192515,0.185951,0.174144,0.161490,0.152596,0.145960,0.144223,0.139842,0.136078,0.134807,0.129911,0.125728,0.129645,0.118355,0.124777,0.114501,0.122058,0.120258,0.118268
1.426846,0.638589,0.444180,0.352214,0.269680,0.204604,0.191218,0.186793,0.173430,0.162650,0.166785,0.145391,0.144370,0.140051,0.124612,0.133931,0.129929,0.124792,0.129332,0.127102,0.125498,0.112458,0.113748,0.112377,0.129276
1.538766,0.642221,0.444737,0.318188,0.268703,0.229238,0.191739,0.185986,0.173302,0.161967,0.152133,0.146830,0.131502,0.140016,0.136569,0.145128,0.119096,0.126256,0.119805,0.127198,0.125509,0.121232,0.121295,0.120247,0.117142
1.447908,0.639709,0.441525,0.354484,0.269824,0.229242,0.191665,0.186880,0.174041,0.162334,0.152274,0.146287,0.144454,0.127694,0.136326,0.123079,0.129385,0.116434,0.129463,0.117963,0.116293,0.123568,0.121439,0.111968,0.128301
1.253627,0.643224,0.444212,0.318522,0.269017,0.229875,0.191858,0.185756,0.172956,0.161583,0.152043,0.146065,0.144325,0.139880,0.136469,0.122585,0.129268,0.126639,0.127210,0.118214,0.125172,0.114705,0.113642,0.120424,0.127738
1.509167,0.643894,0.442931,0.317771,0.269455,0.205494,0.212945,0.186422,0.173680,0.162681,0.152637,0.145501,0.144452,0.140113,0.136246,0.133377,0.129688,0.116032,0.117921,0.118082,0.116279,0.123991,0.113149,0.112407,0.118451
1.637108,0.641970,0.396693,0.317014,0.269568,0.229243,0.191327,0.207286,0.192186,0.161392,0.152626,0.145772,0.144183,0.139324,0.125024,0.133455,0.129792,0.126167,0.120018,0.117669,0.116595,0.123201,0.122088,0.112435,0.129288
1.475237,0.641464,0.395509,0.316910,0.269348,0.229329,0.190747,0.185811,0.173651,0.162332,0.152243,0.146182,0.144192,0.140152,0.136140,0.134355,0.119051,0.126393,0.129640,0.117723,0.116223,0.114956,0.118855,0.112487,0.119068
1.450276,0.642427,0.443869,0.317165,0.268163,0.229073,0.191625,0.186005,0.174168,0.178167,0.152240,0.145488,0.144603,0.139487,0.148124,0.134386,0.129211,0.116576,0.128939,0.124344,0.116198,0.114480,0.121292,0.120178,0.120699
#Run ptg with KS
# 10,14.6322,14.9529,14.3857,14.7125,14.9039,14.8821,14.7047,15.4404,14.822,14.761,14.4663,14.2185,15.0974,14.7273,14.4604,14.6916,14.6273,14.8489,15.3906,14.7426,15.2808,15.3851,15.0713,14.7728,14.4227,14.5317,14.8017,15.0111,14.5076,14.795,15.024
# 20,9.18907,9.26727,9.18726,9.53798,9.57825,9.45148,9.71785,9.13364,10.1495,9.77708,9.79003,9.16204,9.49219,9.5759,10.197,9.51353,9.5862,9.48101,9.52813,9.56716,9.55572,9.32533,9.5416,9.49238,9.59061,9.35146,9.3107,9.75096,8.95769,9.55976,9.85808
# 30,7.52899,7.67775,7.71208,7.60167,7.46159,7.69169,7.66805,7.74698,7.64613,7.89607,7.69258,7.66499,7.31407,7.67293,7.33498,7.51379,7.4928,8.02804,7.46019,7.70429,7.7088,7.22723,7.54782,7.52461,7.61815,7.32591,7.53817,7.68167,7.88956,7.49991,7.67326
# 40,7.02925,6.66757,7.20533,7.00035,6.51061,6.65544,6.60252,6.47474,7.00691,7.03729,6.83494,6.63605,7.20619,7.00445,6.79057,7.37985,6.89263,7.06919,6.83983,6.46336,6.4566,6.45708,6.88598,6.47482,6.65358,6.63779,6.84077,7.03775,7.22063,6.68147,6.8236
# 50,6.17285,6.18577,6.3538,6.18033,6.38327,6.54832,6.23243,6.70986,6.29598,6.22381,6.01074,6.01311,6.07926,6.40588,6.01995,6.1963,6.69668,6.18149,6.56045,6.01861,6.18859,6.17635,6.25881,6.36126,6.47257,6.3812,6.02159,6.50346,6.0305,6.06297,6.60054
# 60,6.13772,5.79199,5.84536,5.74487,6.47793,5.77045,5.97813,5.58418,6.08948,5.99493,6.14003,6.06795,5.78282,6.17179,5.46021,5.80374,5.75481,5.94245,6.03471,5.77131,6.0435,5.83217,5.83871,5.77035,5.79068,5.62245,5.60191,5.5897,6.24623,5.90958,5.95207
# 70,5.30132,5.33528,5.13638,5.17788,5.37204,4.8712,4.87647,5.04294,5.17984,5.19171,5.45161,4.86447,5.10575,5.30394,5.18933,5.18254,5.36288,5.35977,5.01454,5.47277,5.36868,5.18345,5.33601,5.3651,5.17678,5.19208,5.13076,5.35988,5.19719,5.32015,5.03899
# 80,4.49785,4.71423,4.66251,4.54933,4.68594,4.53002,4.51372,4.52513,4.48287,4.53849,4.73862,4.2461,4.67331,4.42542,4.37405,4.78014,4.51213,4.68464,4.48054,4.54025,4.6534,4.54376,4.5155,4.38214,4.69845,4.62528,4.9742,4.34921,4.37734,4.52793,4.53845
# 90,4.112,3.89162,4.27734,3.98589,3.75647,3.8865,3.98739,4.02406,3.86274,4.05723,4.01667,3.84797,4.0075,3.81296,3.88594,3.88261,3.72537,4.10209,3.77937,4.135,3.89324,3.75314,4.15676,3.84287,3.84144,4.19538,3.71678,3.71069,4.11531,4.16945,3.86911
# 100,3.605,3.69393,3.67738,3.56426,3.56269,3.46565,3.80868,3.63451,3.57912,3.55907,3.79298,3.53402,3.46745,3.66387,3.45376,3.59437,3.45941,3.73232,3.48188,3.71538,3.55563,3.58074,3.53178,3.56151,3.68087,3.62162,3.70685,3.58119,3.69086,3.53684,3.56043
# 110,3.26205,3.21768,3.36006,3.47675,3.33414,3.22625,3.1411,3.34187,3.22448,3.30466,3.24503,3.19948,3.06747,3.12629,3.20699,3.3183,3.45641,3.30607,3.22839,3.20628,3.11455,3.19928,3.22199,3.1122,3.12855,3.11811,3.4075,3.3468,2.99911,3.25203,3.00122
# 120,2.93226,2.83364,3.04077,3.04144,3.04076,2.89466,2.88775,3.15215,2.98996,3.13776,3.14901,3.08102,3.01048,3.16732,2.94317,3.01941,2.91571,3.02517,2.94097,2.84752,2.93379,3.13616,2.86586,2.96196,3.09236,2.90079,2.99724,2.87256,2.89619,3.03,3.14926
# 130,2.86706,2.92974,2.89397,2.92898,3.01581,3.0178,3.1782,2.96534,2.89774,2.837,2.9055,2.80136,2.82275,2.88029,2.89472,2.93436,2.95974,2.86412,3.01603,2.80614,2.72953,2.73465,2.94103,2.80308,2.80317,2.91441,2.89417,2.92368,2.92692,2.89452,3.04836
# 140,2.68025,2.6016,2.64522,2.52011,2.56943,2.89151,2.67074,2.56925,2.83822,2.56597,2.58468,2.59684,2.55509,2.59778,2.53775,2.79238,2.6241,2.57743,2.48362,2.70953,2.67091,2.59081,2.55663,2.48425,2.63749,2.8045,2.60396,2.36297,2.50402,2.6135,2.56182
# 150,2.53001,2.34465,2.61169,2.47688,2.39136,2.36123,2.39861,2.48307,2.55654,2.45982,2.274,2.37949,2.45586,2.4414,2.40385,2.47527,2.37864,2.33341,2.57504,2.41654,2.4437,2.45192,2.53153,2.39916,2.46136,2.50116,2.45155,2.46848,2.47818,2.50622,2.35426
# 160,2.42349,2.3334,2.36317,2.35436,2.45796,2.48533,2.40472,2.45874,2.56668,2.32636,2.67507,3.0797,2.43905,2.59712,2.79802,2.65754,2.44204,2.42169,2.26909,2.29927,2.29877,2.48855,3.04141,3.14048,2.40342,2.20534,2.26873,2.33981,2.38589,2.85562,2.34645
# 170,2.26411,2.3306,2.19027,2.14588,2.09141,2.24682,2.11145,2.21215,2.22413,2.31913,2.4916,2.21574,2.26859,2.11057Remote process returned: -1
Exit reason: Exit reason 9 - Killed

srun: error: einstein: task 0: Exited with exit code 255
