#reading from main
#Reading Graph
#vertices: 73364 edges: 176656
#Verifying if bipartite
#Fill empty initial matching
#karp sipser matching took: 0.000475816s, size = 0
#Maximum Matching Size: 18536 edges
#Empty Initial Matching: 0% optimal
#Run ppf3 with Empty
# 10,0.100844,0.0659945,0.0601753,0.0609561,0.0726064,0.0651794,0.0664718,0.0732999,0.0724582,0.0614784,0.0543181,0.0660705,0.0603408,0.0605358,0.0600596,0.0655642,0.0609757,0.0717341,0.0665227,0.0662885,0.0602447,0.0662392,0.0658416,0.0662727,0.0722954,0.0662053,0.0728874,0.0668118,0.0647321,0.0612376,0.0663959
# 20,0.0533437,0.0346424,0.0302703,0.037179,0.0361208,0.0333571,0.0307698,0.0363669,0.0326598,0.0332557,0.0297898,0.0302939,0.0358107,0.0326018,0.0333134,0.0366885,0.0332114,0.0366464,0.0307473,0.0397129,0.0325534,0.0358583,0.0320789,0.0327739,0.0343679,0.0328654,0.033575,0.0302223,0.0333749,0.0358547,0.0337914
# 30,0.0396908,0.0242696,0.023665,0.023316,0.0240185,0.0221502,0.0222339,0.0203014,0.0223533,0.0225978,0.0219252,0.02217,0.0223893,0.0217922,0.0220415,0.020573,0.0237924,0.0228742,0.0242424,0.0224445,0.0199499,0.0197815,0.0203275,0.0226346,0.0238652,0.0208344,0.0220452,0.0232416,0.0220811,0.0206581,0.0218507
# 40,0.0282922,0.017196,0.0177065,0.017475,0.0196973,0.0172146,0.0173526,0.0189185,0.0195749,0.0192496,0.0164416,0.0155942,0.018823,0.0191145,0.0168308,0.0173553,0.0210987,0.0188769,0.0180792,0.016859,0.0186658,0.0205834,0.0206577,0.0176145,0.0173964,0.0177609,0.0170649,0.0173977,0.0187074,0.0184074,0.0186138
# 50,0.0287427,0.0162587,0.0167991,0.0166529,0.0155202,0.0158832,0.0147715,0.0165436,0.0165617,0.0169897,0.0162714,0.0154092,0.0156612,0.0161303,0.0150081,0.0168077,0.0153186,0.0153584,0.0148717,0.0138037,0.0155924,0.0162887,0.0151613,0.0148792,0.0151187,0.0148266,0.014996,0.0164361,0.0158024,0.0152146,0.0163698
# 60,0.0297933,0.0126678,0.011919,0.0122035,0.0136334,0.0128481,0.0122257,0.0137014,0.0120646,0.0134228,0.0132201,0.0138447,0.0121876,0.0127089,0.013251,0.0124121,0.012696,0.0133752,0.0128361,0.0120345,0.0128306,0.0129279,0.0129587,0.0146924,0.0129979,0.0135263,0.0119789,0.0119769,0.0134166,0.0118782,0.0131632
# 70,0.0195989,0.0120468,0.011137,0.0119736,0.0126055,0.0132783,0.0120903,0.0120707,0.0127698,0.01276,0.0122066,0.0128492,0.0120777,0.0112187,0.0120505,0.0120771,0.0119839,0.0113202,0.0133252,0.0120994,0.0137388,0.012018,0.0118941,0.0129255,0.0121472,0.0120051,0.0121503,0.0120183,0.0120892,0.0120656,0.0119691
# 80,0.019331,0.0112823,0.010482,0.0113682,0.0112245,0.0112301,0.0112354,0.0105043,0.0113197,0.010569,0.0105626,0.0105238,0.0112642,0.0112719,0.0114633,0.0113647,0.0105613,0.0104528,0.0115312,0.0104487,0.0112182,0.0105854,0.0105773,0.0111732,0.0106052,0.0118462,0.0112547,0.0104706,0.0114818,0.0104449,0.0113264
# 90,0.0196054,0.0110342,0.0110903,0.0112434,0.0103059,0.0111113,0.0118867,0.0112487,0.0102567,0.0109648,0.0117713,0.0109208,0.0108682,0.011008,0.0110032,0.0111285,0.0103325,0.0116838,0.0110942,0.0103544,0.0111652,0.0116828,0.0105227,0.0111192,0.0117052,0.0103899,0.0110341,0.0109318,0.0104556,0.0117118,0.0110547
# 100,0.0184834,0.0109432,0.0115706,0.0107059,0.011078,0.0102073,0.0109036,0.0107572,0.0100813,0.0110035,0.0116249,0.0107575,0.0102899,0.0100592,0.010918,0.0100642,0.0101033,0.0101067,0.0108348,0.0108377,0.0102738,0.0100554,0.010906,0.0108985,0.0101777,0.0109165,0.0108785,0.0107874,0.0101596,0.0101147,0.010786
# 110,0.0189682,0.00943546,0.00891469,0.00939118,0.00941362,0.00937793,0.00998331,0.00936496,0.0100776,0.00890232,0.00968765,0.00955238,0.0100579,0.00953479,0.00957614,0.0100576,0.0094778,0.0100314,0.00943579,0.00969939,0.00951147,0.0095443,0.0100306,0.00948019,0.00934159,0.0095356,0.00949871,0.00955967,0.00954894,0.00962829,0.00952851
# 120,0.0186682,0.00957973,0.00958636,0.00961928,0.00958689,0.00954806,0.00953765,0.0103058,0.00976971,0.0096931,0.00970101,0.00957557,0.00959622,0.00958462,0.0102459,0.00963072,0.00901612,0.0104066,0.00963365,0.00961118,0.00976035,0.00951626,0.00966471,0.00964003,0.010217,0.0102247,0.0101955,0.00967567,0.00968605,0.0096334,0.00970539
# 130,0.0184309,0.00979399,0.00990437,0.00974941,0.00987351,0.00983776,0.00985492,0.00986198,0.00995362,0.00983795,0.00979407,0.00994866,0.00985737,0.00995188,0.0104426,0.0092643,0.00983843,0.00989797,0.00991381,0.00983732,0.00925891,0.00994646,0.00989953,0.00984501,0.00988018,0.00979843,0.00998517,0.00994695,0.00919693,0.00984844,0.00981521
# 140,0.0200011,0.00970119,0.0102272,0.00968251,0.0102773,0.00962216,0.0101353,0.00960779,0.00964257,0.00972203,0.0102482,0.0103611,0.00967712,0.0097622,0.0103069,0.00966021,0.0096975,0.00967093,0.00967467,0.00966648,0.00971794,0.00969033,0.010301,0.010787,0.00975101,0.0103069,0.0101278,0.0103241,0.0101961,0.00974074,0.0102316
# 150,0.0207429,0.0100545,0.0101388,0.0100718,0.00962291,0.00965616,0.0101547,0.010096,0.00958933,0.00964937,0.010186,0.00953112,0.00953281,0.0100959,0.00960536,0.0100956,0.00962985,0.0101262,0.0101995,0.0100434,0.00964652,0.00970257,0.00963538,0.00955012,0.0101411,0.0101431,0.0100452,0.00954735,0.0100757,0.00965611,0.00964882
# 160,0.0175267,0.00906908,0.00962969,0.00919447,0.00912791,0.00919815,0.0091971,0.00909761,0.00955631,0.00905312,0.00924872,0.00970534,0.00872219,0.00912971,0.008773,0.00904094,0.00917171,0.00912406,0.00960699,0.00917112,0.00911443,0.00911676,0.00861613,0.00914155,0.00910357,0.00924226,0.00910283,0.00909264,0.00915464,0.00870104,0.00914238
# 170,0.0215219,0.00888561,0.00939639,0.0092631,0.00974676,0.00916215,0.00968624,0.00947142,0.00928762,0.00936179,0.00939921,0.00929703,0.00898527,0.00952468,0.00961707,0.00961725,0.0102452,0.00937852,0.00939207,0.0090685,0.0094976,0.00951079,0.00897766,0.00963188,0.00968589,0.0092352,0.00907745,0.00988819,0.00926426,0.00926465,0.00895429
# 180,0.0227076,0.00891122,0.00899089,0.00927532,0.00890586,0.00899597,0.00907183,0.00900631,0.00906171,0.00901052,0.00845414,0.00911198,0.00843033,0.00879632,0.00866018,0.00871312,0.0093113,0.0086605,0.00905433,0.00862224,0.00917167,0.00956843,0.00911837,0.00901418,0.00858946,0.00869464,0.0087486,0.00919602,0.0092342,0.00897187,0.0086147
# 190,0.0265251,0.0100954,0.0101812,0.00960815,0.00975409,0.010056,0.00965741,0.0101721,0.00921334,0.00963412,0.00961933,0.00979635,0.00969324,0.00964418,0.0105062,0.0109364,0.0093427,0.00965144,0.00983309,0.00978212,0.00969879,0.00982865,0.00971914,0.00919894,0.0102541,0.0100303,0.0106469,0.0101882,0.00994482,0.0098734,0.00971044
# 200,0.0254645,0.00988593,0.0103816,0.00982265,0.00954511,0.00956372,0.00963515,0.0095111,0.00966256,0.00987225,0.00950024,0.00963216,0.0100569,0.00982066,0.00979946,0.0096169,0.00957154,0.00975322,0.00962811,0.00983481,0.00954945,0.00965914,0.00971109,0.00982377,0.00985229,0.00963872,0.00949856,0.00961305,0.0099798,0.0102404,0.00980943
# 210,0.0229046,0.00958476,0.00944251,0.00938499,0.00965064,0.00934881,0.00930997,0.00949419,0.00926894,0.00927342,0.00934815,0.00972739,0.00940344,0.00955183,0.00937322,0.00924321,0.00925204,0.00932999,0.00932348,0.00888448,0.00972062,0.00934267,0.00930502,0.0105733,0.0100572,0.00939213,0.0093133,0.009449,0.00961997,0.00977087,0.00973402
# 220,0.0251175,0.00940459,0.00958818,0.00914733,0.00883927,0.00886175,0.00961727,0.00897965,0.00977206,0.00956296,0.0095731,0.00956053,0.00951758,0.00978207,0.00936949,0.00899156,0.00932291,0.00952784,0.00940263,0.00934049,0.0093289,0.00904304,0.00951137,0.00891414,0.00943346,0.00896384,0.00934934,0.00897303,0.00897656,0.00925792,0.00944559
# 230,0.0274998,0.00938048,0.00930115,0.00972797,0.00926344,0.00890871,0.00967781,0.0092596,0.00931634,0.00929566,0.00960408,0.0088696,0.00935776,0.00980574,0.00930154,0.00925319,0.00931997,0.00928957,0.00932279,0.00966221,0.00922874,0.00960298,0.00965762,0.00938119,0.0094272,0.00891043,0.00928137,0.00956614,0.00953481,0.00958917,0.00948177
# 240,0.0226581,0.00934789,0.0093713,0.00957125,0.00934122,0.00934564,0.0089492,0.0100708,0.00927506,0.00921689,0.00923833,0.00932025,0.00923076,0.00926139,0.00929306,0.00921657,0.00931886,0.00919267,0.00922906,0.00916,0.00924486,0.00913684,0.00928343,0.00911014,0.00899552,0.00940556,0.00939308,0.00913023,0.00944819,0.00904575,0.00907409
# 250,0.066692,0.0258596,0.0266292,0.0270779,0.0309925,0.0278145,0.0274582,0.0270865,0.0245701,0.0289632,0.0295485,0.0292274,0.026098,0.0288572,0.0304506,0.0248202,0.0285997,0.027492,0.0251651,0.0258863,0.0281526,0.0277244,0.0260368,0.0285478,0.0260885,0.0273599,0.0236611,0.0255063,0.0272528,0.0309879,0.0254823
TimeStamp,GraphName,NumVertices,NumEdges,Algorithm
2016-12-22_193224,gnutella30_bi,73364,176656,ppf3_Empty
10,20,30,40,50,60,70,80,90,100,110,120,130,140,150,160,170,180,190,200,210,220,230,240,250
0.100844,0.053344,0.039691,0.028292,0.028743,0.029793,0.019599,0.019331,0.019605,0.018483,0.018968,0.018668,0.018431,0.020001,0.020743,0.017527,0.021522,0.022708,0.026525,0.025464,0.022905,0.025118,0.027500,0.022658,0.066692
0.065994,0.034642,0.024270,0.017196,0.016259,0.012668,0.012047,0.011282,0.011034,0.010943,0.009435,0.009580,0.009794,0.009701,0.010055,0.009069,0.008886,0.008911,0.010095,0.009886,0.009585,0.009405,0.009380,0.009348,0.025860
0.060175,0.030270,0.023665,0.017706,0.016799,0.011919,0.011137,0.010482,0.011090,0.011571,0.008915,0.009586,0.009904,0.010227,0.010139,0.009630,0.009396,0.008991,0.010181,0.010382,0.009443,0.009588,0.009301,0.009371,0.026629
0.060956,0.037179,0.023316,0.017475,0.016653,0.012204,0.011974,0.011368,0.011243,0.010706,0.009391,0.009619,0.009749,0.009683,0.010072,0.009194,0.009263,0.009275,0.009608,0.009823,0.009385,0.009147,0.009728,0.009571,0.027078
0.072606,0.036121,0.024018,0.019697,0.015520,0.013633,0.012606,0.011225,0.010306,0.011078,0.009414,0.009587,0.009874,0.010277,0.009623,0.009128,0.009747,0.008906,0.009754,0.009545,0.009651,0.008839,0.009263,0.009341,0.030992
0.065179,0.033357,0.022150,0.017215,0.015883,0.012848,0.013278,0.011230,0.011111,0.010207,0.009378,0.009548,0.009838,0.009622,0.009656,0.009198,0.009162,0.008996,0.010056,0.009564,0.009349,0.008862,0.008909,0.009346,0.027814
0.066472,0.030770,0.022234,0.017353,0.014771,0.012226,0.012090,0.011235,0.011887,0.010904,0.009983,0.009538,0.009855,0.010135,0.010155,0.009197,0.009686,0.009072,0.009657,0.009635,0.009310,0.009617,0.009678,0.008949,0.027458
0.073300,0.036367,0.020301,0.018918,0.016544,0.013701,0.012071,0.010504,0.011249,0.010757,0.009365,0.010306,0.009862,0.009608,0.010096,0.009098,0.009471,0.009006,0.010172,0.009511,0.009494,0.008980,0.009260,0.010071,0.027086
0.072458,0.032660,0.022353,0.019575,0.016562,0.012065,0.012770,0.011320,0.010257,0.010081,0.010078,0.009770,0.009954,0.009643,0.009589,0.009556,0.009288,0.009062,0.009213,0.009663,0.009269,0.009772,0.009316,0.009275,0.024570
0.061478,0.033256,0.022598,0.019250,0.016990,0.013423,0.012760,0.010569,0.010965,0.011003,0.008902,0.009693,0.009838,0.009722,0.009649,0.009053,0.009362,0.009011,0.009634,0.009872,0.009273,0.009563,0.009296,0.009217,0.028963
0.054318,0.029790,0.021925,0.016442,0.016271,0.013220,0.012207,0.010563,0.011771,0.011625,0.009688,0.009701,0.009794,0.010248,0.010186,0.009249,0.009399,0.008454,0.009619,0.009500,0.009348,0.009573,0.009604,0.009238,0.029548
0.066071,0.030294,0.022170,0.015594,0.015409,0.013845,0.012849,0.010524,0.010921,0.010757,0.009552,0.009576,0.009949,0.010361,0.009531,0.009705,0.009297,0.009112,0.009796,0.009632,0.009727,0.009561,0.008870,0.009320,0.029227
0.060341,0.035811,0.022389,0.018823,0.015661,0.012188,0.012078,0.011264,0.010868,0.010290,0.010058,0.009596,0.009857,0.009677,0.009533,0.008722,0.008985,0.008430,0.009693,0.010057,0.009403,0.009518,0.009358,0.009231,0.026098
0.060536,0.032602,0.021792,0.019114,0.016130,0.012709,0.011219,0.011272,0.011008,0.010059,0.009535,0.009585,0.009952,0.009762,0.010096,0.009130,0.009525,0.008796,0.009644,0.009821,0.009552,0.009782,0.009806,0.009261,0.028857
0.060060,0.033313,0.022042,0.016831,0.015008,0.013251,0.012051,0.011463,0.011003,0.010918,0.009576,0.010246,0.010443,0.010307,0.009605,0.008773,0.009617,0.008660,0.010506,0.009799,0.009373,0.009369,0.009302,0.009293,0.030451
0.065564,0.036689,0.020573,0.017355,0.016808,0.012412,0.012077,0.011365,0.011129,0.010064,0.010058,0.009631,0.009264,0.009660,0.010096,0.009041,0.009617,0.008713,0.010936,0.009617,0.009243,0.008992,0.009253,0.009217,0.024820
0.060976,0.033211,0.023792,0.021099,0.015319,0.012696,0.011984,0.010561,0.010333,0.010103,0.009478,0.009016,0.009838,0.009697,0.009630,0.009172,0.010245,0.009311,0.009343,0.009572,0.009252,0.009323,0.009320,0.009319,0.028600
0.071734,0.036646,0.022874,0.018877,0.015358,0.013375,0.011320,0.010453,0.011684,0.010107,0.010031,0.010407,0.009898,0.009671,0.010126,0.009124,0.009379,0.008661,0.009651,0.009753,0.009330,0.009528,0.009290,0.009193,0.027492
0.066523,0.030747,0.024242,0.018079,0.014872,0.012836,0.013325,0.011531,0.011094,0.010835,0.009436,0.009634,0.009914,0.009675,0.010199,0.009607,0.009392,0.009054,0.009833,0.009628,0.009323,0.009403,0.009323,0.009229,0.025165
0.066288,0.039713,0.022444,0.016859,0.013804,0.012034,0.012099,0.010449,0.010354,0.010838,0.009699,0.009611,0.009837,0.009666,0.010043,0.009171,0.009069,0.008622,0.009782,0.009835,0.008884,0.009340,0.009662,0.009160,0.025886
0.060245,0.032553,0.019950,0.018666,0.015592,0.012831,0.013739,0.011218,0.011165,0.010274,0.009511,0.009760,0.009259,0.009718,0.009647,0.009114,0.009498,0.009172,0.009699,0.009549,0.009721,0.009329,0.009229,0.009245,0.028153
0.066239,0.035858,0.019782,0.020583,0.016289,0.012928,0.012018,0.010585,0.011683,0.010055,0.009544,0.009516,0.009946,0.009690,0.009703,0.009117,0.009511,0.009568,0.009829,0.009659,0.009343,0.009043,0.009603,0.009137,0.027724
0.065842,0.032079,0.020328,0.020658,0.015161,0.012959,0.011894,0.010577,0.010523,0.010906,0.010031,0.009665,0.009900,0.010301,0.009635,0.008616,0.008978,0.009118,0.009719,0.009711,0.009305,0.009511,0.009658,0.009283,0.026037
0.066273,0.032774,0.022635,0.017614,0.014879,0.014692,0.012925,0.011173,0.011119,0.010898,0.009480,0.009640,0.009845,0.010787,0.009550,0.009142,0.009632,0.009014,0.009199,0.009824,0.010573,0.008914,0.009381,0.009110,0.028548
0.072295,0.034368,0.023865,0.017396,0.015119,0.012998,0.012147,0.010605,0.011705,0.010178,0.009342,0.010217,0.009880,0.009751,0.010141,0.009104,0.009686,0.008589,0.010254,0.009852,0.010057,0.009433,0.009427,0.008996,0.026088
0.066205,0.032865,0.020834,0.017761,0.014827,0.013526,0.012005,0.011846,0.010390,0.010916,0.009536,0.010225,0.009798,0.010307,0.010143,0.009242,0.009235,0.008695,0.010030,0.009639,0.009392,0.008964,0.008910,0.009406,0.027360
0.072887,0.033575,0.022045,0.017065,0.014996,0.011979,0.012150,0.011255,0.011034,0.010879,0.009499,0.010196,0.009985,0.010128,0.010045,0.009103,0.009077,0.008749,0.010647,0.009499,0.009313,0.009349,0.009281,0.009393,0.023661
0.066812,0.030222,0.023242,0.017398,0.016436,0.011977,0.012018,0.010471,0.010932,0.010787,0.009560,0.009676,0.009947,0.010324,0.009547,0.009093,0.009888,0.009196,0.010188,0.009613,0.009449,0.008973,0.009566,0.009130,0.025506
0.064732,0.033375,0.022081,0.018707,0.015802,0.013417,0.012089,0.011482,0.010456,0.010160,0.009549,0.009686,0.009197,0.010196,0.010076,0.009155,0.009264,0.009234,0.009945,0.009980,0.009620,0.008977,0.009535,0.009448,0.027253
0.061238,0.035855,0.020658,0.018407,0.015215,0.011878,0.012066,0.010445,0.011712,0.010115,0.009628,0.009633,0.009848,0.009741,0.009656,0.008701,0.009265,0.008972,0.009873,0.010240,0.009771,0.009258,0.009589,0.009046,0.030988
0.066396,0.033791,0.021851,0.018614,0.016370,0.013163,0.011969,0.011326,0.011055,0.010786,0.009529,0.009705,0.009815,0.010232,0.009649,0.009142,0.008954,0.008615,0.009710,0.009809,0.009734,0.009446,0.009482,0.009074,0.025482
#Run ptg with Empty
# 10,0.113538,0.119063,0.109722,0.109885,0.124554,0.109809,0.127095,0.116829,0.109984,0.110209,0.110254,0.118326,0.109882,0.109374,0.102647,0.118217,0.11001,0.109416,0.10918,0.134105,0.109266,0.117767,0.109546,0.109789,0.110348,0.10871,0.110322,0.117869,0.10963,0.109788,0.124589
# 20,0.0726069,0.0782518,0.0783448,0.0725608,0.0724995,0.0791403,0.0785029,0.0792631,0.072012,0.0850888,0.0785254,0.0784727,0.078455,0.0898898,0.078892,0.0724645,0.0783883,0.078647,0.072696,0.0776178,0.0894516,0.0722717,0.0725341,0.0842582,0.0784857,0.0781236,0.0898451,0.0893722,0.0781671,0.0851166,0.0844663
# 30,0.0703767,0.0823682,0.0757045,0.0692996,0.0757355,0.0763032,0.0699485,0.0756266,0.081568,0.0805026,0.0708149,0.0762846,0.0762408,0.0748848,0.075576,0.0713326,0.0762678,0.0753801,0.0710177,0.0758295,0.0748885,0.076156,0.0755849,0.0757435,0.0702061,0.0810696,0.0744636,0.0689992,0.0819121,0.0751527,0.0763067
# 40,0.0669438,0.0661766,0.073258,0.0796541,0.0667806,0.0723768,0.0851217,0.0726323,0.0725488,0.0793329,0.0726195,0.0721828,0.078905,0.0727791,0.078933,0.0731105,0.0728046,0.0784831,0.0726591,0.0667406,0.0723972,0.0724053,0.067171,0.0791127,0.0802594,0.0724646,0.0727301,0.0795715,0.073235,0.0725809,0.078646
# 50,0.0701356,0.0834337,0.076277,0.0770222,0.0832946,0.0761714,0.0764141,0.0841294,0.076815,0.0772715,0.0907625,0.0763941,0.0827558,0.0904297,0.0828483,0.0761974,0.0821756,0.0770597,0.0913297,0.0772562,0.0767375,0.0759018,0.0838017,0.0848118,0.0771883,0.0761856,0.0827335,0.0822354,0.0773697,0.07609,0.0844368
# 60,0.077127,0.0756146,0.0760404,0.0693994,0.0760328,0.0685721,0.0759112,0.0756595,0.0693537,0.0690508,0.0692893,0.0689988,0.0689466,0.068972,0.0754197,0.0693723,0.0688436,0.0686115,0.0696634,0.0759308,0.0697941,0.0819873,0.069044,0.0780777,0.070887,0.0726691,0.0725989,0.0705911,0.071715,0.0807651,0.0709173
# 70,0.0649877,0.0737954,0.0721238,0.0729386,0.0739357,0.0717552,0.0722467,0.0713855,0.0782549,0.0729954,0.0735834,0.0717025,0.0792987,0.0662125,0.0723361,0.0659695,0.0734935,0.0708486,0.0664881,0.0715985,0.0715268,0.0717049,0.0715722,0.0705491,0.0716486,0.0666077,0.0704996,0.0669531,0.0652625,0.0644093,0.0663107
# 80,0.0596378,0.0606507,0.0648148,0.0605961,0.0653192,0.0590794,0.06075,0.0589736,0.0709257,0.0660559,0.0635679,0.064823,0.0586776,0.0655254,0.0593051,0.0606614,0.0662688,0.0642916,0.0733434,0.0584189,0.0655044,0.0658352,0.0581262,0.0595583,0.0591592,0.0656494,0.0599982,0.0663633,0.0614869,0.0696079,0.0616919
# 90,0.0617579,0.0572903,0.065668,0.0615367,0.0561972,0.0541654,0.0555594,0.0609564,0.0559442,0.0588335,0.0611763,0.0621307,0.0601697,0.0565326,0.0606101,0.0553745,0.0551536,0.0629847,0.0670659,0.0616233,0.0613094,0.0607975,0.055789,0.0607246,0.0626713,0.0614831,0.056484,0.0542452,0.0613885,0.056055,0.0565679
# 100,0.0534305,0.052888,0.0575929,0.0536422,0.0592376,0.0533009,0.0537856,0.0528587,0.0585009,0.0571011,0.0518019,0.0562471,0.0580049,0.0516149,0.0597893,0.057124,0.0528203,0.0566016,0.0538145,0.0566545,0.0531885,0.0524663,0.0572879,0.0564807,0.0535047,0.0521998,0.0570611,0.0516086,0.0535025,0.0515923,0.0524015
# 110,0.0507056,0.0513366,0.0491388,0.0552633,0.0538824,0.0506812,0.0539709,0.0499912,0.0458318,0.0501141,0.0467627,0.0550195,0.0548616,0.0498576,0.0506517,0.0527976,0.055687,0.0615008,0.0499528,0.0497683,0.0502831,0.0490679,0.0495418,0.0540264,0.0504557,0.0491658,0.0500122,0.0464134,0.055037,0.049981,0.0508032
# 120,0.0489742,0.0525612,0.0476628,0.0485349,0.0429735,0.047592,0.0522268,0.0472455,0.0477956,0.0515166,0.0484439,0.0490192,0.0484617,0.0473666,0.048063,0.0488221,0.0478797,0.0486799,0.0485712,0.0487729,0.0474436,0.0492099,0.0482621,0.0489894,0.0483366,0.0476093,0.0517112,0.0477663,0.0527046,0.0476247,0.0490798
# 130,0.0483728,0.0477024,0.0511385,0.0527915,0.0475239,0.051534,0.0505936,0.0463795,0.0508097,0.0466345,0.0465698,0.0476332,0.0471901,0.0470932,0.0490083,0.0479735,0.0477463,0.0476568,0.051613,0.0475995,0.0467068,0.0517212,0.0478147,0.0477933,0.047909,0.0489471,0.0482899,0.0469877,0.0474564,0.0463419,0.0531572
# 140,0.0460813,0.0458958,0.045029,0.0452532,0.0459539,0.0478517,0.0456422,0.0487469,0.050046,0.0455873,0.0492445,0.0452898,0.0444385,0.0454122,0.0482646,0.0453,0.0452227,0.0471318,0.045966,0.0449954,0.048375,0.0448019,0.0458465,0.045604,0.0453292,0.044787,0.0484541,0.0447693,0.0450515,0.0457884,0.0416028
# 150,0.049057,0.0474733,0.0442645,0.0477657,0.0472168,0.0442111,0.0485415,0.0447521,0.0484834,0.0485276,0.05167,0.0464128,0.0511043,0.0437826,0.043431,0.0473259,0.0479397,0.0437358,0.047888,0.0441123,0.0473638,0.0475323,0.043543,0.0483016,0.0485849,0.0439589,0.0506173,0.0469772,0.0441268,0.0503352,0.048338
# 160,0.0426002,0.0440253,0.0420175,0.0389968,0.0429554,0.0420997,0.0392038,0.0460136,0.0426026,0.0394014,0.0427962,0.0423125,0.0393015,0.0420913,0.0419048,0.0421968,0.0432357,0.0417342,0.0429698,0.0437453,0.0421203,0.0419854,0.0421951,0.046106,0.0439101,0.0392397,0.046227,0.0415616,0.0426763,0.0462849,0.0433236
# 170,0.0456056,0.0451829,0.0455351,0.0435007,0.0418884,0.0417715,0.044363,0.0444488,0.0455985,0.0419311,0.0452824,0.0488884,0.0423214,0.0413168,0.0443854,0.0418197,0.041303,0.0411474,0.0418006,0.0446702,0.0452037,0.0487879,0.0456045,0.0450586,0.0421378,0.0455149,0.0415988,0.0420167,0.0418832,0.0445342,0.0444918
# 180,0.0387303,0.0404536,0.0399831,0.0364257,0.0409264,0.0366639,0.0368095,0.0403457,0.0405197,0.0406732,0.0372777,0.0415352,0.0401432,0.037228,0.0375364,0.0372504,0.0411373,0.0405437,0.0394809,0.0391872,0.0369495,0.0396942,0.0402664,0.042373,0.0409728,0.0407546,0.0372451,0.0401947,0.039754,0.0400862,0.0370194
# 190,0.0443321,0.0416591,0.0380443,0.0476736,0.0418913,0.0405911,0.0403612,0.0406345,0.0409463,0.0414134,0.0443222,0.0414849,0.0418497,0.0415942,0.0415328,0.0406897,0.0442408,0.0412807,0.0442593,0.0409572,0.0405213,0.040772,0.0410987,0.0416966,0.0444121,0.0437687,0.0432055,0.039624,0.0438855,0.0404805,0.0369441
# 200,0.0386701,0.0405837,0.0393882,0.0426483,0.043544,0.0404239,0.0397123,0.0368056,0.0428951,0.0431995,0.0405439,0.0400794,0.037747,0.0404371,0.040421,0.0402444,0.0436317,0.0405055,0.041058,0.0402183,0.0406313,0.0401234,0.0378829,0.0400397,0.0403497,0.0426096,0.0424557,0.0402233,0.0402434,0.041104,0.0407371
# 210,0.0406475,0.0428411,0.0372243,0.0388355,0.0404839,0.0419696,0.0392203,0.036444,0.0402167,0.0394665,0.0398016,0.0401699,0.0402908,0.0398518,0.0415774,0.0399155,0.0395784,0.0400887,0.0402831,0.04269,0.0399371,0.0395062,0.0362409,0.0388602,0.0393024,0.0387015,0.0397846,0.0396933,0.0394694,0.0397635,0.0398918
# 220,0.0406848,0.0363968,0.0368558,0.0365291,0.0359595,0.0366319,0.038494,0.0386681,0.0383525,0.0379667,0.0396652,0.0390674,0.0381591,0.0406457,0.0391513,0.0359667,0.0391722,0.0420359,0.0380622,0.039767,0.0376671,0.0393982,0.0396932,0.0363583,0.0389201,0.0428563,0.0362172,0.0376595,0.0395653,0.038355,0.0386202
# 230,0.0394256,0.0364829,0.0376994,0.0351703,0.0353463,0.038962,0.0349898,0.038343,0.0392551,0.0376806,0.0373243,0.0385346,0.0376953,0.0354628,0.035351,0.0364238,0.0386323,0.0379747,0.0375407,0.0375202,0.037069,0.0354466,0.0351727,0.0369104,0.0383521,0.0378836,0.0412032,0.037948,0.0394223,0.0353021,0.0383176
# 240,0.0383599,0.0377998,0.0371958,0.0350847,0.0372938,0.0352309,0.0375628,0.0372979,0.0377877,0.0376693,0.0374319,0.0373094,0.037514,0.0368367,0.0373307,0.0364308,0.0348887,0.0374116,0.0369945,0.0370062,0.0341543,0.0347978,0.0375561,0.0352414,0.037074,0.0396653,0.034268,0.0378346,0.0382497,0.0374266,0.037531
# 250,0.172687,0.16373,0.15857,0.153824,0.147439,0.140788,0.153768,0.153224,0.157566,0.144556,0.160334,0.15159,0.172752,0.161939,0.16704,0.150956,0.155611,0.147387,0.170765,0.154377,0.160729,0.183106,0.171352,0.157053,0.172978,0.166738,0.159684,0.169052,0.161463,0.147534,0.144195
TimeStamp,GraphName,NumVertices,NumEdges,Algorithm
2016-12-22_193237,gnutella30_bi,73364,176656,ptg_Empty
10,20,30,40,50,60,70,80,90,100,110,120,130,140,150,160,170,180,190,200,210,220,230,240,250
0.113538,0.072607,0.070377,0.066944,0.070136,0.077127,0.064988,0.059638,0.061758,0.053431,0.050706,0.048974,0.048373,0.046081,0.049057,0.042600,0.045606,0.038730,0.044332,0.038670,0.040648,0.040685,0.039426,0.038360,0.172687
0.119063,0.078252,0.082368,0.066177,0.083434,0.075615,0.073795,0.060651,0.057290,0.052888,0.051337,0.052561,0.047702,0.045896,0.047473,0.044025,0.045183,0.040454,0.041659,0.040584,0.042841,0.036397,0.036483,0.037800,0.163730
0.109722,0.078345,0.075705,0.073258,0.076277,0.076040,0.072124,0.064815,0.065668,0.057593,0.049139,0.047663,0.051139,0.045029,0.044264,0.042017,0.045535,0.039983,0.038044,0.039388,0.037224,0.036856,0.037699,0.037196,0.158570
0.109885,0.072561,0.069300,0.079654,0.077022,0.069399,0.072939,0.060596,0.061537,0.053642,0.055263,0.048535,0.052791,0.045253,0.047766,0.038997,0.043501,0.036426,0.047674,0.042648,0.038836,0.036529,0.035170,0.035085,0.153824
0.124554,0.072499,0.075736,0.066781,0.083295,0.076033,0.073936,0.065319,0.056197,0.059238,0.053882,0.042973,0.047524,0.045954,0.047217,0.042955,0.041888,0.040926,0.041891,0.043544,0.040484,0.035960,0.035346,0.037294,0.147439
0.109809,0.079140,0.076303,0.072377,0.076171,0.068572,0.071755,0.059079,0.054165,0.053301,0.050681,0.047592,0.051534,0.047852,0.044211,0.042100,0.041772,0.036664,0.040591,0.040424,0.041970,0.036632,0.038962,0.035231,0.140788
0.127095,0.078503,0.069948,0.085122,0.076414,0.075911,0.072247,0.060750,0.055559,0.053786,0.053971,0.052227,0.050594,0.045642,0.048541,0.039204,0.044363,0.036810,0.040361,0.039712,0.039220,0.038494,0.034990,0.037563,0.153768
0.116829,0.079263,0.075627,0.072632,0.084129,0.075660,0.071386,0.058974,0.060956,0.052859,0.049991,0.047245,0.046379,0.048747,0.044752,0.046014,0.044449,0.040346,0.040635,0.036806,0.036444,0.038668,0.038343,0.037298,0.153224
0.109984,0.072012,0.081568,0.072549,0.076815,0.069354,0.078255,0.070926,0.055944,0.058501,0.045832,0.047796,0.050810,0.050046,0.048483,0.042603,0.045599,0.040520,0.040946,0.042895,0.040217,0.038352,0.039255,0.037788,0.157566
0.110209,0.085089,0.080503,0.079333,0.077271,0.069051,0.072995,0.066056,0.058834,0.057101,0.050114,0.051517,0.046634,0.045587,0.048528,0.039401,0.041931,0.040673,0.041413,0.043199,0.039466,0.037967,0.037681,0.037669,0.144556
0.110254,0.078525,0.070815,0.072620,0.090762,0.069289,0.073583,0.063568,0.061176,0.051802,0.046763,0.048444,0.046570,0.049245,0.051670,0.042796,0.045282,0.037278,0.044322,0.040544,0.039802,0.039665,0.037324,0.037432,0.160334
0.118326,0.078473,0.076285,0.072183,0.076394,0.068999,0.071702,0.064823,0.062131,0.056247,0.055020,0.049019,0.047633,0.045290,0.046413,0.042312,0.048888,0.041535,0.041485,0.040079,0.040170,0.039067,0.038535,0.037309,0.151590
0.109882,0.078455,0.076241,0.078905,0.082756,0.068947,0.079299,0.058678,0.060170,0.058005,0.054862,0.048462,0.047190,0.044438,0.051104,0.039302,0.042321,0.040143,0.041850,0.037747,0.040291,0.038159,0.037695,0.037514,0.172752
0.109374,0.089890,0.074885,0.072779,0.090430,0.068972,0.066212,0.065525,0.056533,0.051615,0.049858,0.047367,0.047093,0.045412,0.043783,0.042091,0.041317,0.037228,0.041594,0.040437,0.039852,0.040646,0.035463,0.036837,0.161939
0.102647,0.078892,0.075576,0.078933,0.082848,0.075420,0.072336,0.059305,0.060610,0.059789,0.050652,0.048063,0.049008,0.048265,0.043431,0.041905,0.044385,0.037536,0.041533,0.040421,0.041577,0.039151,0.035351,0.037331,0.167040
0.118217,0.072464,0.071333,0.073111,0.076197,0.069372,0.065970,0.060661,0.055374,0.057124,0.052798,0.048822,0.047973,0.045300,0.047326,0.042197,0.041820,0.037250,0.040690,0.040244,0.039916,0.035967,0.036424,0.036431,0.150956
0.110010,0.078388,0.076268,0.072805,0.082176,0.068844,0.073493,0.066269,0.055154,0.052820,0.055687,0.047880,0.047746,0.045223,0.047940,0.043236,0.041303,0.041137,0.044241,0.043632,0.039578,0.039172,0.038632,0.034889,0.155611
0.109416,0.078647,0.075380,0.078483,0.077060,0.068611,0.070849,0.064292,0.062985,0.056602,0.061501,0.048680,0.047657,0.047132,0.043736,0.041734,0.041147,0.040544,0.041281,0.040505,0.040089,0.042036,0.037975,0.037412,0.147387
0.109180,0.072696,0.071018,0.072659,0.091330,0.069663,0.066488,0.073343,0.067066,0.053815,0.049953,0.048571,0.051613,0.045966,0.047888,0.042970,0.041801,0.039481,0.044259,0.041058,0.040283,0.038062,0.037541,0.036995,0.170765
0.134105,0.077618,0.075830,0.066741,0.077256,0.075931,0.071598,0.058419,0.061623,0.056654,0.049768,0.048773,0.047599,0.044995,0.044112,0.043745,0.044670,0.039187,0.040957,0.040218,0.042690,0.039767,0.037520,0.037006,0.154377
0.109266,0.089452,0.074889,0.072397,0.076738,0.069794,0.071527,0.065504,0.061309,0.053189,0.050283,0.047444,0.046707,0.048375,0.047364,0.042120,0.045204,0.036950,0.040521,0.040631,0.039937,0.037667,0.037069,0.034154,0.160729
0.117767,0.072272,0.076156,0.072405,0.075902,0.081987,0.071705,0.065835,0.060797,0.052466,0.049068,0.049210,0.051721,0.044802,0.047532,0.041985,0.048788,0.039694,0.040772,0.040123,0.039506,0.039398,0.035447,0.034798,0.183106
0.109546,0.072534,0.075585,0.067171,0.083802,0.069044,0.071572,0.058126,0.055789,0.057288,0.049542,0.048262,0.047815,0.045846,0.043543,0.042195,0.045605,0.040266,0.041099,0.037883,0.036241,0.039693,0.035173,0.037556,0.171352
0.109789,0.084258,0.075743,0.079113,0.084812,0.078078,0.070549,0.059558,0.060725,0.056481,0.054026,0.048989,0.047793,0.045604,0.048302,0.046106,0.045059,0.042373,0.041697,0.040040,0.038860,0.036358,0.036910,0.035241,0.157053
0.110348,0.078486,0.070206,0.080259,0.077188,0.070887,0.071649,0.059159,0.062671,0.053505,0.050456,0.048337,0.047909,0.045329,0.048585,0.043910,0.042138,0.040973,0.044412,0.040350,0.039302,0.038920,0.038352,0.037074,0.172978
0.108710,0.078124,0.081070,0.072465,0.076186,0.072669,0.066608,0.065649,0.061483,0.052200,0.049166,0.047609,0.048947,0.044787,0.043959,0.039240,0.045515,0.040755,0.043769,0.042610,0.038701,0.042856,0.037884,0.039665,0.166738
0.110322,0.089845,0.074464,0.072730,0.082734,0.072599,0.070500,0.059998,0.056484,0.057061,0.050012,0.051711,0.048290,0.048454,0.050617,0.046227,0.041599,0.037245,0.043205,0.042456,0.039785,0.036217,0.041203,0.034268,0.159684
0.117869,0.089372,0.068999,0.079571,0.082235,0.070591,0.066953,0.066363,0.054245,0.051609,0.046413,0.047766,0.046988,0.044769,0.046977,0.041562,0.042017,0.040195,0.039624,0.040223,0.039693,0.037659,0.037948,0.037835,0.169052
0.109630,0.078167,0.081912,0.073235,0.077370,0.071715,0.065262,0.061487,0.061388,0.053503,0.055037,0.052705,0.047456,0.045051,0.044127,0.042676,0.041883,0.039754,0.043885,0.040243,0.039469,0.039565,0.039422,0.038250,0.161463
0.109788,0.085117,0.075153,0.072581,0.076090,0.080765,0.064409,0.069608,0.056055,0.051592,0.049981,0.047625,0.046342,0.045788,0.050335,0.046285,0.044534,0.040086,0.040480,0.041104,0.039763,0.038355,0.035302,0.037427,0.147534
0.124589,0.084466,0.076307,0.078646,0.084437,0.070917,0.066311,0.061692,0.056568,0.052402,0.050803,0.049080,0.053157,0.041603,0.048338,0.043324,0.044492,0.037019,0.036944,0.040737,0.039892,0.038620,0.038318,0.037531,0.144195
#Run pf with Empty
# 1,0.556657,0.553618,0.555164,0.556423,0.554328,0.556744,0.555138,0.554262,0.554319,0.553849,0.556202,0.554193,0.55503,0.555336,0.554113,0.554503,0.553563,0.554778,0.554254,0.554839,0.553975,0.554421,0.554468,0.554373,0.555507,0.555874,0.578645,0.616978,0.617818,0.616957,0.617051
TimeStamp,GraphName,NumVertices,NumEdges,Algorithm
2016-12-22_193324,gnutella30_bi,73364,176656,pf_Empty
1
0.556657
0.553618
0.555164
0.556423
0.554328
0.556744
0.555138
0.554262
0.554319
0.553849
0.556202
0.554193
0.555030
0.555336
0.554113
0.554503
0.553563
0.554778
0.554254
0.554839
0.553975
0.554421
0.554468
0.554373
0.555507
0.555874
0.578645
0.616978
0.617818
0.616957
0.617051

