#Reading Graph
#vertices: 7030396 edges: 45030389
#Verifying if bipartite
#Run karp sipser to get initial matching
#karp sipser matching took: 20.218s, size = 1980055
#Run greedy to get initial matching
#greedy matching took: 18.24s, size = 1819799
#Maximum Matching Size: 1972239 edges
#Karp Sipser Initial Matching: 100.396% optimal
#Greedy Initial Matching: 92.2707% optimal
#Run ppf3 with KS
# 10,65.3082,69.4659,64.2771,63.1316,73.4436,67.0264,69.0431,65.3022,59.1691,62.7813,68.8434,64.9756,60.2532,64.281,60.3898,61.7943,61.1558,64.0353,64.8322,67.3799,62.5966,68.8622,63.0896,61.0166,62.0292,64.2575,64.8769,64.719,63.8711,66.4907,61.3327
# 20,34.7329,33.796,35.3221,33.7714,29.7399,31.5567,30.1789,32.0043,32.4542,33.0201,31.0343,31.7108,33.5724,33.6347,36.3777,34.5801,34.8156,35.3591,32.2578,32.797,31.9982,33.5821,35.5443,32.4766,33.3633,35.2357,30.8939,34.9054,33.9939,34.2579,33.1624
# 30,19.5211,19.8186,19.7116,17.9802,19.9025,18.3876,21.8894,18.9729,19.814,19.2266,20.5506,21.8336,21.9584,20.3807,21.4167,20.1378,21.4323,20.7468,21.0851,20.8033,21.4993,20.928,20.8372,21.0489,18.7466,21.3625,19.3643,20.0927,22.2076,19.7112,20.5366
# 40,14.2559,15.0449,15.1345,15.3453,14.3066,15.2325,14.3147,14.8954,14.4097,14.0334,15.9145,14.104,15.476,15.2014,15.7554,15.5204,16.6722,13.7262,14.6237,15.0836,16.1302,14.2094,16.0135,14.7467,13.8318,14.4539,14.5964,14.0466,15.4366,16.447,14.2269
# 50,14.7771,14.4006,12.8173,13.8909,14.6748,15.4799,14.601,14.7153,15.56,14.0156,14.2626,14.1341,14.2247,15.1027,14.0714,15.2708,14.3674,13.9816,13.4909,13.6986,14.2168,14.8994,15.8162,15.2218,13.4795,14.2665,14.7151,14.5493,15.3011,16.8105,15.0424
# 60,10.032,9.58127,10.9594,10.2485,10.7647,9.55563,10.1591,11.935,11.1337,10.7472,10.9419,9.56489,11.8191,10.6505,9.84323,11.1632,10.4489,10.0986,9.77058,10.4231,10.6033,10.0496,10.2673,11.1631,9.94034,9.97146,10.5271,10.9817,8.87179,10.5289,9.73151
# 70,10.5116,10.1079,9.37831,10.8709,10.6352,9.60168,10.2811,10.3662,10.2344,11.1764,9.91073,10.5417,10.8127,10.2818,9.57904,10.8266,10.1363,9.9401,11.2419,10.8489,10.3755,10.2245,10.459,10.3258,11.0117,11.7903,10.289,10.4014,10.3082,10.202,10.3824
# 80,8.2654,8.61965,7.39367,8.05861,7.88039,7.93309,8.45671,7.89635,9.14924,8.88408,10.0109,8.80741,8.56098,7.69063,8.65057,8.90184,8.30534,7.39905,8.75515,7.55876,8.26355,7.67331,7.6983,8.97942,8.77796,8.96225,7.14071,9.70368,8.27019,9.69609,7.89376
# 90,6.5063,7.51418,8.18228,7.42876,7.22286,7.5124,7.15146,8.25846,7.89937,7.32007,7.93687,7.53361,8.1618,6.39181,7.21587,7.57973,6.88801,7.5845,7.39169,7.07922,7.29046,8.27354,7.21453,7.07938,7.06581,7.0516,7.82211,7.94632,6.62782,7.61857,7.9762
# 100,5.98961,6.18049,5.83341,6.34005,6.2726,6.1265,5.9007,6.23477,6.37077,5.87782,6.75909,5.74533,6.32136,5.53299,5.71299,6.62437,6.22064,5.69748,6.13121,6.53649,6.38198,5.70595,6.30202,5.98802,6.56656,6.11918,6.09954,6.6081,5.95058,6.15031,6.1924
# 110,7.17443,5.55244,6.31329,6.17541,6.21242,6.61443,6.5607,6.49267,6.53896,6.11277,6.35386,5.67045,5.93635,6.08087,5.83771,6.1899,6.92057,5.96391,5.87943,6.25459,6.98441,6.4969,6.16972,6.59519,5.39003,5.5113,7.03766,6.56701,5.54006,6.2819,6.26738
# 120,6.04341,5.87571,6.01828,5.97371,6.26895,6.6617,6.10858,6.40945,5.81295,6.14803,6.37117,5.75459,5.92501,5.83905,5.9225,5.80364,5.62754,6.31878,5.47411,6.14656,6.25327,5.92514,6.04595,6.81964,6.44127,6.69185,6.10207,5.59452,6.49956,6.15515,5.9037
# 130,5.97259,6.08295,5.96242,6.09501,6.90668,5.41185,6.47143,6.52453,5.68765,5.84246,5.20332,5.90869,5.2395,5.64989,6.29907,5.4627,5.70737,5.93414,5.1936,6.42809,4.78112,5.39962,6.46341,5.84757,6.06091,6.1239,5.8961,6.49209,6.08961,5.86973,5.68124
# 140,4.34058,4.52081,5.26531,4.00595,4.39635,4.47322,4.11114,4.51063,4.80364,4.67416,4.57261,5.01817,4.68605,4.68445,4.97125,4.29368,4.44983,4.57596,4.51939,4.28621,4.97566,5.01195,4.65132,4.6537,4.60026,4.27071,4.97591,4.14495,4.74941,5.20588,4.2749
# 150,4.89687,4.9836,5.23054,4.83107,4.61987,5.01439,4.34001,4.82192,5.17901,5.15681,4.43492,4.77795,4.84771,5.06534,4.58739,4.95622,5.54238,5.16053,5.02715,4.20926,5.12822,5.1758,4.37016,5.18148,5.3349,5.14865,5.08837,4.69205,5.16174,4.87585,5.14537
# 160,4.3054,4.27522,4.62494,4.42129,4.42031,4.60336,4.44737,4.26344,4.39294,4.31068,4.71968,4.34782,4.45933,4.32919,4.20993,4.21683,4.20261,3.79189,4.24593,4.26838,4.46119,4.39005,4.19186,4.24691,4.12384,4.26087,4.99844,4.67652,4.21755,4.56268,4.43566
# 170,4.00811,4.5583,4.82877,5.02061,5.03905,4.10765,4.17585,4.43346,4.88665,4.03151,4.35916,4.75375,5.39341,4.45558,3.8935,4.22195,5.15579,4.24131,3.86953,4.00189,4.74655,4.78077,4.03882,5.29721,4.78802,4.93982,4.6585,4.13954,4.19204,4.98817,3.93432
# 180,3.8756,4.12323,3.70349,3.92478,3.97149,3.81453,4.0583,4.12693,3.80823,4.1115,3.57642,3.86736,3.99574,3.80014,3.41464,3.62338,3.78773,3.73729,3.65889,4.11666,3.939,3.77287,3.74973,4.38429,3.92434,4.13385,3.75959,3.81473,3.7744,3.79139,3.84213
# 190,4.36466,4.70662,4.31006,3.87101,3.77446,4.97589,3.86675,3.78131,3.88909,4.23801,4.27967,3.93453,4.49748,4.03424,3.72904,4.20306,4.23086,4.09102,3.97568,4.23936,3.68501,4.6861,3.89874,4.06484,4.49149,3.86934,4.16334,3.84895,4.06108,4.26362,3.90771
# 200,3.14922,3.64836,3.29536,3.38239,3.176,3.25474,3.15201,3.20396,3.37734,3.27286,3.26544,3.45065,3.25204,3.39691,3.35463,3.15493,3.15644,3.33171,3.22305,3.13091,3.38761,3.38839,3.22421,3.26813,3.22667,3.40007,3.18367,3.06769,3.02802,3.20056,3.50164
# 210,3.04258,2.91311,2.9315,2.76296,3.0874,3.14446,2.93361,2.8137,3.02749,2.98364,2.78371,3.20617,2.75364,2.94898,3.00164,3.03524,2.87686,2.79825,2.86952,2.87088,2.86205,2.83816,2.95736,2.97118,2.67621,2.93147,2.86829,2.73849,2.9011,2.67885,2.72383
# 220,3.24949,3.24307,3.26815,3.29917,3.12121,3.20118,3.04416,3.08461,3.30417,2.87126,3.16793,3.39732,3.42723,3.43868,3.05043,3.24467,3.47852,3.04271,3.01866,3.0062,3.09032,3.00559,3.41038,3.18299,2.92239,3.1245,3.17417,3.46148,3.35819,3.1469,3.17385
# 230,4.42818,4.08903,3.95805,4.23081,4.37475,3.95178,4.07531,4.10456,4.09462,4.25702,4.30843,4.09704,4.02766,4.5082,4.10852,4.33272,3.98422,3.9963,4.37992,4.08746,4.35286,4.26957,4.11773,4.19594,4.0328,4.09875,3.96795,4.25446,4.346,4.2495,4.13156
# 240,3.86389,2.8401,3.37811,3.49225,3.51356,3.47953,3.36163,3.39724,3.6327,3.20114,3.38241,2.91972,3.65603,3.6413,3.28838,3.33851,3.14274,3.14578,3.28669,3.1956,3.46716,3.24716,3.66118,3.2495,3.46112,3.57286,3.67064,3.58883,3.21327,3.28834,3.53484
# 250,4.64195,4.77328,4.60642,5.07107,4.42795,4.68732,4.50707,4.60231,4.05585,4.74805,4.92502,4.32346,4.24039,4.68454,4.71763,4.25446,4.51429,4.75787,4.83593,4.80062,4.58533,4.22378,4.4816,4.59572,4.58564,4.95962,4.59854,4.31376,4.43658,4.41213,4.02982
TimeStamp,GraphName,NumVertices,NumEdges,Algorithm
2016-12-11_160032,wikipedia,7030396,45030389,ppf3_KS
Duration,NumThreads,Algorithm
10,20,30,40,50,60,70,80,90,100,110,120,130,140,150,160,170,180,190,200,210,220,230,240,250
65.308239,34.732867,19.521139,14.255933,14.777146,10.031977,10.511582,8.265401,6.506304,5.989612,7.174425,6.043407,5.972595,4.340583,4.896865,4.305404,4.008112,3.875599,4.364655,3.149225,3.042577,3.249492,4.428181,3.863887,4.641949
69.465870,33.796038,19.818608,15.044943,14.400585,9.581270,10.107926,8.619649,7.514179,6.180492,5.552443,5.875711,6.082949,4.520805,4.983598,4.275221,4.558300,4.123228,4.706619,3.648365,2.913109,3.243069,4.089033,2.840102,4.773277
64.277110,35.322078,19.711626,15.134480,12.817260,10.959357,9.378310,7.393674,8.182285,5.833413,6.313289,6.018279,5.962417,5.265306,5.230538,4.624941,4.828771,3.703488,4.310064,3.295356,2.931504,3.268150,3.958050,3.378115,4.606416
63.131589,33.771440,17.980164,15.345347,13.890919,10.248473,10.870884,8.058612,7.428758,6.340048,6.175405,5.973708,6.095008,4.005948,4.831068,4.421294,5.020609,3.924777,3.871015,3.382386,2.762959,3.299174,4.230809,3.492253,5.071074
73.443595,29.739949,19.902527,14.306591,14.674828,10.764698,10.635189,7.880391,7.222865,6.272604,6.212424,6.268947,6.906680,4.396349,4.619874,4.420309,5.039046,3.971486,3.774462,3.175995,3.087403,3.121208,4.374746,3.513565,4.427949
67.026423,31.556706,18.387601,15.232544,15.479903,9.555626,9.601679,7.933094,7.512395,6.126498,6.614433,6.661701,5.411848,4.473215,5.014392,4.603364,4.107648,3.814533,4.975886,3.254739,3.144457,3.201182,3.951778,3.479534,4.687319
69.043065,30.178942,21.889448,14.314679,14.600963,10.159115,10.281063,8.456709,7.151458,5.900701,6.560700,6.108582,6.471433,4.111142,4.340006,4.447374,4.175853,4.058297,3.866753,3.152007,2.933614,3.044159,4.075313,3.361630,4.507066
65.302219,32.004251,18.972906,14.895387,14.715318,11.935035,10.366227,7.896351,8.258461,6.234766,6.492670,6.409446,6.524533,4.510634,4.821923,4.263439,4.433457,4.126925,3.781311,3.203964,2.813696,3.084612,4.104559,3.397236,4.602308
59.169062,32.454217,19.814014,14.409728,15.560003,11.133655,10.234397,9.149237,7.899369,6.370769,6.538958,5.812946,5.687648,4.803640,5.179006,4.392941,4.886647,3.808230,3.889089,3.377342,3.027487,3.304165,4.094619,3.632699,4.055850
62.781315,33.020121,19.226625,14.033403,14.015557,10.747186,11.176445,8.884076,7.320068,5.877818,6.112772,6.148030,5.842462,4.674157,5.156815,4.310676,4.031509,4.111500,4.238015,3.272862,2.983639,2.871264,4.257024,3.201140,4.748055
68.843387,31.034277,20.550625,15.914498,14.262587,10.941906,9.910728,10.010861,7.936873,6.759090,6.353864,6.371165,5.203318,4.572613,4.434920,4.719681,4.359158,3.576419,4.279669,3.265435,2.783712,3.167932,4.308426,3.382414,4.925022
64.975588,31.710805,21.833637,14.104046,14.134119,9.564892,10.541713,8.807409,7.533612,5.745325,5.670455,5.754585,5.908691,5.018169,4.777946,4.347824,4.753753,3.867357,3.934526,3.450649,3.206175,3.397318,4.097035,2.919720,4.323461
60.253153,33.572380,21.958429,15.476014,14.224660,11.819056,10.812741,8.560978,8.161799,6.321364,5.936346,5.925013,5.239504,4.686052,4.847708,4.459327,5.393409,3.995739,4.497485,3.252039,2.753636,3.427227,4.027656,3.656030,4.240390
64.280953,33.634679,20.380743,15.201432,15.102658,10.650478,10.281777,7.690632,6.391811,5.532990,6.080869,5.839047,5.649889,4.684452,5.065344,4.329185,4.455583,3.800142,4.034240,3.396913,2.948983,3.438678,4.508203,3.641301,4.684535
60.389819,36.377714,21.416744,15.755376,14.071426,9.843233,9.579043,8.650574,7.215875,5.712989,5.837712,5.922498,6.299069,4.971246,4.587388,4.209933,3.893504,3.414643,3.729044,3.354630,3.001640,3.050426,4.108516,3.288376,4.717632
61.794287,34.580080,20.137751,15.520363,15.270784,11.163220,10.826633,8.901841,7.579729,6.624367,6.189899,5.803639,5.462701,4.293676,4.956223,4.216829,4.221952,3.623378,4.203058,3.154934,3.035245,3.244675,4.332723,3.338507,4.254460
61.155766,34.815611,21.432320,16.672245,14.367438,10.448932,10.136258,8.305340,6.888013,6.220636,6.920573,5.627545,5.707373,4.449834,5.542383,4.202609,5.155788,3.787729,4.230865,3.156444,2.876856,3.478523,3.984222,3.142739,4.514287
64.035339,35.359076,20.746816,13.726177,13.981593,10.098568,9.940104,7.399046,7.584502,5.697479,5.963905,6.318783,5.934139,4.575955,5.160527,3.791894,4.241306,3.737294,4.091022,3.331710,2.798248,3.042709,3.996299,3.145779,4.757874
64.832167,32.257772,21.085104,14.623680,13.490947,9.770576,11.241937,8.755147,7.391688,6.131206,5.879432,5.474107,5.193604,4.519386,5.027153,4.245928,3.869526,3.658887,3.975683,3.223048,2.869525,3.018664,4.379918,3.286690,4.835928
67.379887,32.797041,20.803272,15.083623,13.698554,10.423093,10.848935,7.558757,7.079219,6.536494,6.254586,6.146563,6.428090,4.286212,4.209258,4.268380,4.001895,4.116658,4.239361,3.130909,2.870878,3.006198,4.087462,3.195599,4.800620
62.596649,31.998201,21.499272,16.130237,14.216786,10.603290,10.375493,8.263553,7.290459,6.381982,6.984414,6.253266,4.781121,4.975661,5.128223,4.461186,4.746549,3.938995,3.685007,3.387610,2.862047,3.090318,4.352859,3.467160,4.585329
68.862227,33.582129,20.927968,14.209402,14.899423,10.049592,10.224499,7.673311,8.273535,5.705947,6.496903,5.925140,5.399624,5.011948,5.175805,4.390052,4.780770,3.772875,4.686104,3.388392,2.838158,3.005590,4.269571,3.247158,4.223780
63.089627,35.544330,20.837195,16.013502,15.816157,10.267306,10.459027,7.698301,7.214527,6.302017,6.169721,6.045954,6.463409,4.651321,4.370158,4.191856,4.038822,3.749734,3.898739,3.224205,2.957359,3.410382,4.117729,3.661184,4.481603
61.016585,32.476625,21.048946,14.746741,15.221787,11.163117,10.325827,8.979425,7.079376,5.988015,6.595186,6.819642,5.847570,4.653698,5.181477,4.246911,5.297209,4.384292,4.064836,3.268128,2.971178,3.182991,4.195936,3.249499,4.595724
62.029225,33.363284,18.746568,13.831791,13.479487,9.940345,11.011656,8.777965,7.065810,6.566557,5.390026,6.441273,6.060909,4.600257,5.334902,4.123838,4.788017,3.924343,4.491490,3.226672,2.676206,2.922388,4.032799,3.461119,4.585643
64.257485,35.235652,21.362501,14.453855,14.266541,9.971455,11.790271,8.962246,7.051600,6.119179,5.511296,6.691849,6.123903,4.270706,5.148654,4.260872,4.939822,4.133852,3.869342,3.400070,2.931473,3.124497,4.098750,3.572858,4.959616
64.876875,30.893888,19.364320,14.596370,14.715091,10.527067,10.288967,7.140712,7.822109,6.099538,7.037664,6.102071,5.896098,4.975913,5.088368,4.998444,4.658498,3.759589,4.163341,3.183672,2.868286,3.174169,3.967950,3.670640,4.598539
64.718971,34.905377,20.092677,14.046644,14.549338,10.981704,10.401369,9.703685,7.946324,6.608097,6.567011,5.594517,6.492090,4.144949,4.692049,4.676523,4.139544,3.814732,3.848949,3.067688,2.738493,3.461483,4.254463,3.588835,4.313765
63.871096,33.993864,22.207605,15.436646,15.301120,8.871793,10.308204,8.270185,6.627824,5.950583,5.540055,6.499560,6.089610,4.749414,5.161735,4.217548,4.192039,3.774402,4.061082,3.028022,2.901098,3.358195,4.346002,3.213267,4.436582
66.490741,34.257950,19.711166,16.447041,16.810464,10.528919,10.201967,9.696089,7.618565,6.150309,6.281897,6.155152,5.869733,5.205877,4.875854,4.562681,4.988172,3.791388,4.263622,3.200560,2.678851,3.146903,4.249498,3.288341,4.412125
61.332738,33.162382,20.536589,14.226868,15.042435,9.731510,10.382362,7.893758,7.976199,6.192403,6.267376,5.903696,5.681240,4.274898,5.145369,4.435658,3.934317,3.842125,3.907707,3.501643,2.723827,3.173852,4.131557,3.534837,4.029819
#Run ppf3 with Greedy
# 10,118.437,113.098,127.241,109.828,108.264,124.454,116.288,115.372,109.633,110.968,110.624,127.408,110.638,108.027,128.076,119.565,111.009,106.494,117.536,113.945,119.819,110.304,107.806,134.53,122.654,114.918,113.599,117.52,113.77,130.33,112.316
# 20,47.7517,48.6318,47.2413,48.2684,47.7293,47.7611,48.3503,49.4285,49.0547,47.906,49.0629,48.2782,46.6315,47.8685,49.7041,46.2991,49.6809,48.2752,48.3309,49.3939,49.253,48.4395,48.2196,48.1544,47.628,48.8914,48.3371,48.1672,48.0448,48.5374,47.1095
# 30,32.5519,32.595,33.1796,32.4433,33.5878,32.6414,32.2552,33.0096,32.1076,32.1934,32.1964,32.075,32.1678,32.1539,34.1564,32.5625,32.3942,32.5039,33.9233,32.5173,32.5048,32.965,32.6781,31.7948,31.7807,32.5763,32.5989,32.5907,32.4383,32.1164,32.4813
# 40,23.3587,23.8752,23.322,23.1626,23.7694,22.7892,23.6667,23.0519,23.7076,23.2856,22.6495,23.3452,24.8609,23.0498,22.5104,23.4012,22.7639,23.7578,23.8104,23.3824,22.733,23.0092,23.5912,23.3385,22.4903,22.6982,23.8575,23.5877,23.3679,23.2598,23.5506
# 50,17.4713,17.2886,17.312,17.5169,16.973,16.6954,17.4606,17.4281,17.3903,17.1803,16.8872,17.1939,17.2054,17.2876,17.4485,17.655,17.8276,17.4484,16.95,17.0544,18.1631,17.177,17.2391,17.1482,17.3755,16.726,17.1754,17.6409,17.896,16.9252,16.9644
# 60,12.9532,13.1309,13.1968,13.1706,13.5984,13.678,13.3592,14.1296,13.5124,13.0968,13.0634,13.2971,13.8134,13.3046,13.6655,12.9298,13.3034,13.3192,13.1234,13.4451,13.8673,13.5053,13.1855,13.233,13.7122,13.4016,14.1675,12.9335,13.1433,13.3128,13.1466
# 70,10.9947,10.8457,10.8701,11.0136,11.1978,10.6972,10.9752,10.8716,10.8357,10.8734,10.8758,11.1513,10.9997,10.8222,11.0184,11.0339,10.8652,11.1658,11.1591,11.0012,10.6844,11.1456,10.709,10.854,10.8167,11.0357,10.8095,10.712,10.8114,11.1696,10.7058
# 80,10.4926,9.56318,9.77528,10.0542,10.1873,9.62569,10.0678,10.2638,9.65515,9.63598,9.91682,9.89422,9.92274,9.50609,9.77429,9.57884,9.46475,9.60931,9.92248,9.76948,10.3498,9.81125,9.59259,9.48963,9.756,9.31376,9.90982,9.79678,9.76072,10.0606,10.075
# 90,9.56914,8.58813,9.26619,8.69297,9.3861,9.5585,8.3193,9.10119,9.14423,9.25246,8.99943,8.88261,9.28196,9.12872,8.57728,8.69567,8.98851,9.67084,9.75157,9.11881,9.13761,9.67792,9.07906,8.97046,8.93954,8.57037,8.87125,9.5434,8.71052,9.67964,9.62985
# 100,7.40723,7.38,7.05924,6.95524,7.27479,7.02346,7.28573,7.16456,7.1858,7.1639,7.75003,7.38261,7.2726,7.17202,7.39507,7.18963,7.75877,7.17653,7.28348,7.15087,7.51254,7.42027,7.17779,7.28008,7.28798,6.93927,7.17359,7.41184,7.2604,7.29421,7.41589
# 110,6.76654,6.61738,6.9562,6.96508,6.64348,6.48156,6.95251,6.53354,6.59477,6.62742,6.74395,6.71698,6.85774,6.5998,6.8545,6.70052,6.81235,6.72333,6.84657,6.4927,6.7393,6.58561,6.84314,6.75232,6.61377,6.53605,6.38013,6.38283,6.3796,6.61118,6.72013
# 120,6.12391,6.43115,6.30345,6.42184,6.72762,6.74427,6.6651,6.62379,6.94623,6.42381,6.32645,6.22853,6.41779,6.85344,6.54072,6.11673,6.66314,6.33418,6.72458,6.35394,6.42625,7.05841,6.72484,6.44179,6.42495,6.33952,6.82585,6.73468,6.5053,6.34775,6.74383
# 130,5.91436,6.12312,6.30174,5.9014,6.2339,5.91494,6.11269,6.01887,6.19663,6.21656,5.92012,6.21641,6.41907,6.52206,6.13184,6.51253,6.121,6.52462,6.18496,6.10968,6.01067,5.99197,6.21753,6.49188,6.22112,6.303,6.11241,5.81573,6.00643,6.0278,6.20768
# 140,5.22904,5.42544,5.15002,5.34161,5.33194,5.32647,5.23449,5.33805,5.49764,5.67367,5.32025,5.24273,5.3074,5.24556,5.30508,5.16947,5.32108,5.4003,5.26374,5.41959,5.53857,5.41575,5.36286,5.41365,5.70715,5.36941,5.6337,5.42298,5.2309,5.30568,5.30352
# 150,5.26118,5.0757,5.43743,5.24732,4.99184,5.24252,5.14292,5.3291,5.23874,5.1795,5.14441,5.16342,5.00535,5.23422,5.08932,5.25576,4.97533,5.26328,4.98663,5.23984,5.33216,5.22278,5.07673,5.24887,5.41411,5.06849,5.23838,5.15103,5.16565,4.96998,5.06294
# 160,4.84751,5.00686,4.76016,4.60278,5.0306,5.11292,4.92209,5.2798,5.18745,4.96315,5.01537,5.04348,4.93362,5.27551,5.12137,4.76694,4.53075,4.9332,4.77694,5.01516,4.92603,5.1191,4.91835,5.32935,5.2023,5.17951,5.12297,5.38696,5.03116,4.78511,5.10569
# 170,5.30562,4.64511,4.82378,4.50052,4.67766,5.1446,4.90844,5.07676,4.47621,5.31346,4.65491,4.7132,4.56233,5.29221,4.83276,5.18522,4.81404,4.91104,5.06363,4.59678,4.86155,5.38883,4.74567,4.84507,4.6808,4.74194,4.59958,4.74013,4.6548,4.8552,4.83471
# 180,4.35715,4.05788,4.13157,4.19841,4.26996,3.98565,3.99491,4.05198,4.04538,3.98852,4.20047,4.19783,4.10235,4.38451,4.17068,4.15854,4.10045,4.16092,4.16978,4.32141,4.16525,4.09007,4.10063,3.94032,4.18176,4.16845,4.08918,4.15715,4.31916,3.92644,4.07859
# 190,3.76581,3.74451,3.87962,3.7771,3.82981,3.68041,3.78501,3.85661,3.69764,3.76136,3.80547,3.89126,3.68684,3.89832,3.78516,3.92404,3.75701,3.90714,4.05995,3.85489,3.84475,3.85333,3.82467,3.84109,3.89725,3.80975,3.82192,3.90853,3.77087,3.99419,3.98704
# 200,4.20095,4.04719,4.33639,4.34229,4.07864,3.90168,4.02223,3.97361,4.27838,3.9099,4.32711,4.41633,4.38559,4.19497,4.1811,3.96291,4.34247,4.16591,4.44851,4.32909,4.53165,4.05925,4.11618,3.9853,4.0487,4.3157,4.18606,4.32212,4.39405,4.32335,4.11199
# 210,3.74622,3.55347,4.08521,3.58405,3.7603,3.76403,3.69433,3.55231,3.53844,3.53241,3.53916,3.61125,3.56146,3.63842,3.68064,3.68051,3.68606,3.56032,3.69585,3.70337,3.62233,3.48424,3.61818,3.68593,3.53234,3.69396,3.5567,3.5488,3.75895,3.68943,3.55512
# 220,3.53034,3.59488,3.58201,3.40181,3.6786,3.33087,3.475,3.52176,3.59987,3.47985,3.45931,3.67187,3.37949,3.60674,3.6446,3.52744,3.37703,3.54051,3.34037,3.50402,3.50593,3.4814,3.42373,3.46591,3.53206,3.46287,3.52532,3.3763,3.45712,3.34208,3.66636
# 230,3.33511,3.36171,3.15838,3.51577,3.24115,3.30508,3.43052,3.60827,3.43493,3.29559,3.3733,3.36132,3.41472,3.55336,3.36547,3.29354,3.16389,3.2486,3.30929,3.38239,3.48226,3.40961,3.30264,3.37502,3.35976,3.23505,3.43811,3.30456,3.36924,3.25939,3.18204
# 240,3.28997,3.41987,3.21259,3.34594,3.41743,3.61654,3.73288,3.17107,3.27855,3.48145,3.34635,3.45828,3.42703,3.45631,3.09916,3.40901,3.60298,3.23045,3.33649,3.27117,3.29128,3.46601,3.34368,3.7077,3.46597,3.68556,3.29794,3.21715,3.27561,3.36508,3.78284
# 250,3.40175,3.31932,3.24019,3.19841,3.16901,3.28392,3.22318,3.48517,3.25993,3.29642,3.36247,3.3465,3.25035,3.24766,3.15846,3.21714,3.27828,3.30546,3.42672,3.15491,3.24738,3.18442,3.36481,3.30359,3.23166,3.26237,3.19905,3.42672,3.39751,3.31631,3.30249
TimeStamp,GraphName,NumVertices,NumEdges,Algorithm
2016-12-11_181432,wikipedia,7030396,45030389,ppf3_Greedy
Duration,NumThreads,Algorithm
10,20,30,40,50,60,70,80,90,100,110,120,130,140,150,160,170,180,190,200,210,220,230,240,250
118.437461,47.751653,32.551879,23.358662,17.471295,12.953240,10.994698,10.492564,9.569144,7.407235,6.766540,6.123908,5.914364,5.229038,5.261179,4.847508,5.305624,4.357153,3.765814,4.200951,3.746221,3.530345,3.335109,3.289966,3.401749
113.098345,48.631788,32.594999,23.875208,17.288649,13.130914,10.845669,9.563182,8.588134,7.380004,6.617379,6.431155,6.123123,5.425439,5.075704,5.006862,4.645106,4.057881,3.744507,4.047192,3.553470,3.594879,3.361707,3.419869,3.319319
127.241207,47.241281,33.179630,23.322045,17.311971,13.196782,10.870125,9.775277,9.266191,7.059243,6.956203,6.303453,6.301736,5.150021,5.437430,4.760160,4.823781,4.131569,3.879623,4.336385,4.085213,3.582014,3.158380,3.212592,3.240191
109.827661,48.268399,32.443264,23.162573,17.516932,13.170553,11.013557,10.054160,8.692969,6.955238,6.965080,6.421844,5.901401,5.341611,5.247323,4.602776,4.500522,4.198412,3.777101,4.342295,3.584050,3.401809,3.515768,3.345937,3.198410
108.263923,47.729296,33.587804,23.769445,16.973001,13.598445,11.197831,10.187293,9.386096,7.274787,6.643479,6.727619,6.233899,5.331937,4.991837,5.030603,4.677661,4.269962,3.829814,4.078636,3.760303,3.678598,3.241152,3.417428,3.169013
124.453940,47.761058,32.641426,22.789158,16.695364,13.678010,10.697208,9.625695,9.558502,7.023461,6.481561,6.744272,5.914939,5.326475,5.242525,5.112922,5.144600,3.985649,3.680414,3.901679,3.764027,3.330867,3.305082,3.616544,3.283919
116.287574,48.350331,32.255227,23.666702,17.460608,13.359229,10.975241,10.067839,8.319300,7.285735,6.952507,6.665104,6.112693,5.234489,5.142919,4.922091,4.908442,3.994913,3.785011,4.022226,3.694329,3.474998,3.430524,3.732883,3.223175
115.372351,49.428501,33.009574,23.051927,17.428087,14.129560,10.871619,10.263826,9.101186,7.164559,6.533542,6.623790,6.018869,5.338054,5.329095,5.279798,5.076757,4.051979,3.856610,3.973614,3.552305,3.521757,3.608274,3.171068,3.485174
109.633433,49.054662,32.107634,23.707559,17.390343,13.512391,10.835721,9.655147,9.144227,7.185797,6.594768,6.946229,6.196634,5.497639,5.238742,5.187454,4.476214,4.045382,3.697643,4.278379,3.538436,3.599872,3.434935,3.278549,3.259933
110.967649,47.905981,32.193364,23.285579,17.180259,13.096840,10.873440,9.635981,9.252457,7.163904,6.627422,6.423806,6.216559,5.673672,5.179496,4.963147,5.313461,3.988522,3.761355,3.909902,3.532409,3.479846,3.295586,3.481448,3.296422
110.623817,49.062903,32.196359,22.649484,16.887179,13.063418,10.875846,9.916819,8.999427,7.750027,6.743947,6.326446,5.920123,5.320253,5.144415,5.015369,4.654911,4.200466,3.805474,4.327110,3.539163,3.459312,3.373304,3.346349,3.362470
127.408418,48.278181,32.074971,23.345170,17.193892,13.297109,11.151257,9.894222,8.882609,7.382606,6.716982,6.228529,6.216408,5.242731,5.163425,5.043480,4.713201,4.197832,3.891260,4.416327,3.611247,3.671873,3.361320,3.458281,3.346502
110.637968,46.631480,32.167795,24.860864,17.205361,13.813362,10.999716,9.922735,9.281960,7.272599,6.857737,6.417792,6.419075,5.307396,5.005348,4.933617,4.562331,4.102348,3.686844,4.385593,3.561461,3.379492,3.414715,3.427032,3.250353
108.027250,47.868519,32.153884,23.049754,17.287641,13.304650,10.822249,9.506087,9.128723,7.172019,6.599798,6.853443,6.522059,5.245561,5.234219,5.275509,5.292213,4.384513,3.898325,4.194974,3.638418,3.606743,3.553357,3.456310,3.247656
128.076266,49.704141,34.156427,22.510361,17.448456,13.665492,11.018358,9.774292,8.577277,7.395065,6.854495,6.540721,6.131844,5.305076,5.089323,5.121371,4.832762,4.170677,3.785159,4.181100,3.680642,3.644602,3.365471,3.099160,3.158458
119.564571,46.299057,32.562489,23.401213,17.655016,12.929768,11.033903,9.578842,8.695667,7.189635,6.700516,6.116730,6.512526,5.169467,5.255758,4.766937,5.185223,4.158539,3.924041,3.962915,3.680508,3.527442,3.293542,3.409010,3.217140
111.008845,49.680857,32.394190,22.763909,17.827607,13.303351,10.865216,9.464754,8.988511,7.758768,6.812346,6.663145,6.120996,5.321076,4.975330,4.530747,4.814040,4.100449,3.757008,4.342470,3.686057,3.377030,3.163893,3.602976,3.278280
106.494466,48.275212,32.503908,23.757764,17.448397,13.319202,11.165806,9.609311,9.670845,7.176531,6.723330,6.334183,6.524625,5.400301,5.263280,4.933197,4.911040,4.160925,3.907135,4.165914,3.560317,3.540507,3.248598,3.230453,3.305465
117.536492,48.330937,33.923305,23.810364,16.950046,13.123377,11.159111,9.922483,9.751569,7.283485,6.846572,6.724579,6.184955,5.263739,4.986627,4.776939,5.063625,4.169782,4.059949,4.448512,3.695846,3.340367,3.309290,3.336489,3.426718
113.945167,49.393870,32.517266,23.382388,17.054410,13.445114,11.001168,9.769476,9.118814,7.150874,6.492703,6.353936,6.109675,5.419587,5.239844,5.015165,4.596781,4.321408,3.854891,4.329086,3.703368,3.504024,3.382395,3.271173,3.154907
119.818708,49.253033,32.504843,22.733000,18.163149,13.867262,10.684439,10.349771,9.137606,7.512537,6.739305,6.426253,6.010668,5.538565,5.332155,4.926027,4.861554,4.165253,3.844753,4.531647,3.622332,3.505929,3.482259,3.291283,3.247377
110.303696,48.439529,32.964961,23.009203,17.176991,13.505317,11.145577,9.811248,9.677921,7.420266,6.585614,7.058407,5.991974,5.415754,5.222776,5.119101,5.388832,4.090067,3.853325,4.059248,3.484235,3.481398,3.409610,3.466008,3.184418
107.806441,48.219623,32.678074,23.591242,17.239067,13.185468,10.709007,9.592587,9.079059,7.177791,6.843137,6.724844,6.217533,5.362864,5.076730,4.918348,4.745670,4.100627,3.824669,4.116179,3.618183,3.423734,3.302639,3.343682,3.364808
134.529505,48.154394,31.794800,23.338468,17.148166,13.232976,10.854034,9.489633,8.970460,7.280081,6.752318,6.441791,6.491878,5.413645,5.248873,5.329349,4.845065,3.940317,3.841092,3.985301,3.685933,3.465911,3.375018,3.707702,3.303592
122.653722,47.627966,31.780651,22.490275,17.375507,13.712165,10.816657,9.756003,8.939535,7.287975,6.613767,6.424947,6.221116,5.707149,5.414108,5.202296,4.680805,4.181758,3.897246,4.048697,3.532336,3.532064,3.359758,3.465969,3.231656
114.917985,48.891374,32.576257,22.698179,16.726038,13.401610,11.035709,9.313759,8.570375,6.939270,6.536052,6.339522,6.303003,5.369414,5.068492,5.179506,4.741943,4.168452,3.809752,4.315705,3.693962,3.462874,3.235048,3.685555,3.262371
113.599331,48.337088,32.598917,23.857463,17.175425,14.167453,10.809477,9.909816,8.871251,7.173587,6.380126,6.825847,6.112413,5.633703,5.238376,5.122967,4.599575,4.089179,3.821923,4.186057,3.556697,3.525325,3.438110,3.297942,3.199046
117.519739,48.167220,32.590671,23.587727,17.640916,12.933476,10.711974,9.796783,9.543405,7.411843,6.382828,6.734684,5.815728,5.422979,5.151028,5.386960,4.740134,4.157153,3.908534,4.322122,3.548799,3.376303,3.304562,3.217145,3.426724
113.770322,48.044762,32.438346,23.367877,17.896044,13.143295,10.811386,9.760719,8.710525,7.260398,6.379600,6.505297,6.006425,5.230903,5.165646,5.031165,4.654804,4.319156,3.770870,4.394050,3.758951,3.457117,3.369237,3.275609,3.397510
130.330328,48.537429,32.116411,23.259785,16.925161,13.312778,11.169578,10.060618,9.679644,7.294215,6.611184,6.347745,6.027805,5.305682,4.969981,4.785109,4.855198,3.926445,3.994191,4.323352,3.689428,3.342078,3.259388,3.365081,3.316311
112.316241,47.109458,32.481268,23.550612,16.964426,13.146585,10.705797,10.075022,9.629847,7.415888,6.720127,6.743835,6.207679,5.303524,5.062943,5.105694,4.834707,4.078587,3.987035,4.111988,3.555116,3.666359,3.182041,3.782837,3.302495

