#Reading Graph
#vertices: 7030396 edges: 45030389
#Verifying if bipartite
#Run karp sipser to get initial matching
#karp sipser matching took: 1.76231s, size = 1980055
#Run greedy to get initial matching
#greedy matching took: 2.22004s, size = 1819799
#Maximum Matching Size: 1992408 edges
#Karp Sipser Initial Matching: 99.38% optimal
#Greedy Initial Matching: 91.3367% optimal
#Run ppf1 with KS
# 1,50.5001,48.5657,46.6909,46.8912,46.8047,49.1619,51.0344,50.7509,50.5338,50.4864,50.4851
# 2,31.2488,31.2437,31.4883,31.4524,31.4486,31.5897,31.634,31.6884,31.4884,31.4328,31.5767
# 3,23.321,25.3217,23.4043,25.7253,23.0293,24.5984,22.8811,24.8881,23.9247,23.9723,22.1908
# 4,21.9376,19.4899,19.6757,20.1155,20.9754,20.5127,18.0646,18.2374,22.9564,19.8791,18.4814
TimeStamp,GraphName,NumVertices,NumEdges,Algorithm
2016-12-12_203657,wikipedia,7030396,45030389,ppf1_KS
1,2,3,4
50.500109,31.248805,23.321019,21.937576
48.565655,31.243706,25.321717,19.489888
46.690936,31.488251,23.404330,19.675706
46.891235,31.452420,25.725348,20.115512
46.804708,31.448569,23.029343,20.975417
49.161944,31.589663,24.598373,20.512689
51.034376,31.633950,22.881112,18.064629
50.750864,31.688353,24.888141,18.237422
50.533792,31.488367,23.924661,22.956446
50.486357,31.432779,23.972257,19.879100
50.485109,31.576712,22.190804,18.481417
#Run ppf1 with Greedy
# 1,177.798,166.678,162.585,158.619,154.657,151.15,147.658,144.268,141.202,137.035,134.127
# 2,65.9476,66.6201,68.0483,67.9746,67.0116,65.0748,61.4523,63.5579,63.224,60.7525,60.6151
# 3,44.2239,44.094,44.243,42.7162,42.9843,43.6081,43.1441,43.878,42.3845,42.9499,44.3094
# 4,37.3849,37.2017,37.8097,37.1144,37.3153,39.4155,37.2856,36.5249,36.455,37.3281,37.6697
TimeStamp,GraphName,NumVertices,NumEdges,Algorithm
2016-12-12_210013,wikipedia,7030396,45030389,ppf1_Greedy
1,2,3,4
177.798402,65.947612,44.223927,37.384870
166.677525,66.620127,44.094027,37.201701
162.585417,68.048343,44.242985,37.809698
158.618990,67.974594,42.716246,37.114351
154.657416,67.011556,42.984255,37.315322
151.150139,65.074842,43.608122,39.415488
147.658329,61.452293,43.144052,37.285626
144.267635,63.557916,43.878017,36.524871
141.201770,63.224021,42.384515,36.455045
137.035110,60.752538,42.949911,37.328140
134.127415,60.615089,44.309401,37.669697
#Run ppf2 with KS
# 1,30.2343,30.1989,30.3762,30.0946,30.087,30.1841,30.1344,30.175,30.2613,30.1881,30.336
# 2,16.5667,17.5505,18.1066,16.2784,17.5415,17.4829,17.5367,16.689,17.5002,17.4923,17.5599
# 3,13.9354,14.9099,14.8307,14.6546,15.1084,14.5822,14.6143,15.9377,15.0821,13.5272,14.7818
# 4,12.8529,13.545,15.0193,14.8366,13.7388,14.0417,13.5938,14.9456,14.2606,14.5572,12.9726
TimeStamp,GraphName,NumVertices,NumEdges,Algorithm
2016-12-12_215506,wikipedia,7030396,45030389,ppf2_KS
1,2,3,4
30.234330,16.566750,13.935390,12.852946
30.198932,17.550490,14.909929,13.545039
30.376182,18.106597,14.830732,15.019253
30.094648,16.278409,14.654555,14.836601
30.087002,17.541485,15.108393,13.738767
30.184072,17.482851,14.582239,14.041683
30.134444,17.536710,14.614260,13.593768
30.175038,16.688996,15.937730,14.945593
30.261341,17.500219,15.082116,14.260610
30.188091,17.492349,13.527162,14.557179
30.335973,17.559947,14.781838,12.972560
#Run ppf2 with Greedy
# 1,113.96,113.851,113.884,114.082,113.932,114.24,114.141,114.024,114.108,114.05,113.984
# 2,59.2025,58.5098,61.1984,58.8308,58.5486,56.8866,57.4558,60.1013,60.2261,57.7709,58.3209
# 3,42.8273,45.4985,43.5864,45.3744,43.9725,43.4594,44.0315,43.7282,44.673,45.4423,43.6109
# 4,37.6313,38.6893,38.0374,36.9206,37.1048,37.4155,37.2061,37.5499,37.9487,39.0393,37.8812
TimeStamp,GraphName,NumVertices,NumEdges,Algorithm
2016-12-12_220920,wikipedia,7030396,45030389,ppf2_Greedy
1,2,3,4
113.959737,59.202517,42.827344,37.631315
113.851252,58.509825,45.498520,38.689337
113.884471,61.198384,43.586422,38.037361
114.082315,58.830821,45.374371,36.920579
113.931943,58.548607,43.972536,37.104753
114.240470,56.886563,43.459380,37.415515
114.140856,57.455764,44.031484,37.206106
114.024325,60.101336,43.728235,37.549916
114.107926,60.226131,44.672968,37.948732
114.049819,57.770865,45.442327,39.039304
113.983758,58.320851,43.610890,37.881181
#Run ppf3 with KS
# 1,26.2954,26.2966,26.3102,26.2992,26.2768,26.2927,26.3022,26.2981,26.3346,26.332,26.3027
# 2,14.7785,15.4176,14.4406,15.4248,15.4159,15.5318,15.4054,15.4343,17.058,15.428,16.1018
# 3,13.1198,13.5152,12.308,13.2289,12.4496,12.5291,12.8751,13.7123,12.9328,13.7215,13.663
# 4,11.5141,11.3957,12.797,11.7223,12.7436,11.6739,11.7291,12.9957,12.3195,12.3284,12.1387
TimeStamp,GraphName,NumVertices,NumEdges,Algorithm
2016-12-12_225618,wikipedia,7030396,45030389,ppf3_KS
1,2,3,4
26.295387,14.778460,13.119828,11.514071
26.296612,15.417625,13.515226,11.395736
26.310238,14.440618,12.308002,12.797019
26.299231,15.424801,13.228861,11.722344
26.276773,15.415885,12.449591,12.743602
26.292717,15.531809,12.529108,11.673891
26.302246,15.405379,12.875071,11.729130
26.298053,15.434287,13.712307,12.995718
26.334561,17.057961,12.932764,12.319537
26.331997,15.428034,13.721459,12.328373
26.302670,16.101836,13.662957,12.138734
#Run ppf3 with Greedy
# 1,95.0292,95.0074,94.9683,95.0394,94.9374,95.0545,95.1364,95.2167,95.2723,95.1981,95.171
# 2,48.4584,52.4107,49.0132,50.274,49.3478,53.251,51.0579,50.4037,51.4613,48.9595,51.513
# 3,35.8406,39.5474,38.0691,41.2208,37.8677,38.5888,39.1325,38.5781,40.2184,42.3425,39.7456
# 4,35.6178,35.3148,33.7766,34.8611,35.355,34.45,34.2794,34.6736,34.2295,34.8964,33.1272
TimeStamp,GraphName,NumVertices,NumEdges,Algorithm
2016-12-12_230850,wikipedia,7030396,45030389,ppf3_Greedy
1,2,3,4
95.029151,48.458443,35.840642,35.617789
95.007388,52.410707,39.547361,35.314796
94.968316,49.013183,38.069074,33.776616
95.039431,50.274017,41.220848,34.861121
94.937441,49.347812,37.867715,35.354964
95.054530,53.251048,38.588815,34.449971
95.136431,51.057879,39.132524,34.279436
95.216660,50.403714,38.578126,34.673555
95.272260,51.461343,40.218427,34.229457
95.198132,48.959471,42.342520,34.896364
95.171041,51.513027,39.745567,33.127233
#Run pf with KS
# 1,24.3218,24.3636,24.3647,24.3506,24.2868,24.3509,24.3059,24.3073,24.3327,24.3311,24.3065
TimeStamp,GraphName,NumVertices,NumEdges,Algorithm
2016-12-12_234919,wikipedia,7030396,45030389,pf_KS
1
24.321757
24.363606
24.364666
24.350627
24.286781
24.350856
24.305895
24.307346
24.332732
24.331150
24.306452
#Run pf with Greedy
# 1,87.9741,87.8556,87.9602,87.9132,88.0186,88.0842,88.0153,87.9998,88.0048,88.0135,87.9885
TimeStamp,GraphName,NumVertices,NumEdges,Algorithm
2016-12-12_235351,wikipedia,7030396,45030389,pf_Greedy
1
87.974082
87.855567
87.960161
87.913195
88.018620
88.084208
88.015327
87.999750
88.004808
88.013513
87.988537
